1094 1045 0
1094 1045 0
1094 1045 0
1094 1045 0
1094 1045 0
1094 1045 0
1094 1045 0
1094 1045 0
1094 1045 0
1028 1047 0
982 1042 0
958 1039 0
950 1043 0
957 1047 0
967 1042 0
978 1041 0
981 1042 0
984 1041 0
986 1038 0
984 1039 0
984 1042 0
982 1043 0
978 1038 0
974 1030 0
973 1032 0
975 1038 0
976 1037 0
981 1032 0
977 1032 0
978 1033 0
978 1032 0
983 1027 0
988 1032 0
991 1034 0
985 1036 0
982 1032 0
981 1030 0
985 1036 0
990 1041 0
993 1038 0
989 1033 0
985 1034 0
982 1037 0
984 1042 0
984 1040 0
985 1039 0
987 1039 0
987 1034 0
988 1033 0
989 1037 0
989 1038 0
991 1041 0
996 1039 0
1000 1033 0
1001 1036 0
998 1039 0
993 1036 0
986 1031 0
986 1032 0
987 1035 0
988 1038 0
992 1036 0
996 1038 0
998 1038 0
1002 1038 0
1000 1035 0
998 1032 0
998 1034 0
999 1040 0
1005 1041 0
1005 1036 0
1006 1034 0
1008 1037 0
1009 1040 0
1010 1038 0
1009 1034 0
1011 1037 0
1013 1036 0
1012 1039 0
1013 1035 0
1016 1036 0
1018 1040 0
1020 1037 0
1021 1034 0
1021 1032 0
1022 1037 0
1027 1043 0
1031 1039 0
1029 1034 0
1027 1037 0
1027 1038 0
1029 1036 0
1029 1035 0
1032 1034 0
1032 1038 0
1030 1037 0
1027 1037 0
1028 1038 0
1031 1041 0
1033 1042 0
1034 1036 0
1029 1031 0
1028 1035 0
1028 1041 0
1026 1043 0
1026 1040 0
1024 1040 0
1023 1039 0
1019 1039 0
1020 1038 0
1018 1038 0
1018 1041 0
1017 1039 0
1015 1036 0
1013 1035 0
1012 1041 0
1011 1045 0
1009 1041 0
1008 1036 0
1009 1033 0
1009 1036 0
1009 1041 0
1010 1042 0
1009 1039 0
1008 1041 0
1006 1042 0
1004 1043 0
1005 1040 0
1005 1039 0
1007 1040 0
1005 1043 0
1004 1040 0
1004 1041 0
1001 1041 0
1001 1043 0
998 1042 0
996 1036 0
994 1034 0
992 1041 0
995 1044 0
993 1043 0
992 1040 0
990 1042 0
987 1041 0
989 1041 0
990 1040 0
991 1039 0
990 1042 0
990 1045 0
991 1038 0
988 1039 0
988 1040 0
984 1045 0
984 1043 0
981 1039 0
983 1033 0
982 1037 0
983 1044 0
982 1042 0
980 1039 0
979 1040 0
979 1040 0
976 1039 0
979 1036 0
982 1035 0
983 1041 0
985 1043 0
986 1038 0
984 1037 0
986 1042 0
986 1045 0
987 1047 0
990 1039 0
990 1038 0
989 1042 0
991 1046 0
991 1045 0
987 1042 0
987 1041 0
983 1042 0
983 1041 0
982 1040 0
985 1036 0
985 1042 0
986 1042 0
985 1036 0
985 1037 0
985 1037 0
987 1042 0
989 1041 0
989 1033 0
984 1029 0
979 1032 0
974 1038 0
976 1035 0
976 1030 0
976 1028 0
974 1028 0
972 1030 0
970 1027 0
968 1021 0
963 1024 0
957 1027 0
954 1024 0
956 1019 0
967 1018 0
983 1020 0
997 1020 0
1005 1013 0
1015 1008 0
1026 1010 0
1039 1016 0
1052 1013 0
1059 1011 0
1051 1005 0
1033 1008 0
993 1011 0
939 1010 0
882 1007 0
841 1011 0
806 1014 0
773 1012 0
745 1008 0
731 1008 0
723 1018 0
726 1020 0
734 1019 0
746 1014 0
756 1023 0
770 1030 0
793 1033 0
819 1033 0
834 1029 0
838 1030 0
838 1034 0
842 1032 0
847 1030 0
851 1027 0
856 1032 0
864 1032 0
873 1029 0
881 1028 0
892 1031 0
898 1035 0
908 1032 0
916 1026 0
922 1027 0
931 1032 0
937 1038 0
945 1038 0
951 1033 0
961 1035 0
971 1040 0
984 1042 0
993 1042 0
1006 1040 0
1016 1042 0
1021 1044 0
1022 1045 0
1025 1044 0
1030 1044 0
1035 1050 0
1040 1050 0
1041 1043 0
1042 1042 0
1046 1042 0
1046 1051 0
1050 1052 0
1054 1047 0
1055 1044 0
1054 1047 0
1060 1054 0
1061 1051 0
1065 1047 0
1068 1046 0
1071 1049 0
1071 1054 0
1075 1051 0
1078 1049 0
1082 1054 0
1082 1052 0
1084 1049 0
1084 1045 0
1085 1047 0
1089 1055 0
1087 1057 0
1086 1050 0
1087 1048 0
1087 1053 0
1093 1056 0
1096 1055 0
1098 1049 0
1099 1049 0
1099 1050 0
1097 1055 0
1099 1052 0
1101 1050 0
1106 1053 0
1105 1052 0
1104 1049 0
1104 1044 0
1105 1050 0
1104 1056 0
1106 1054 0
1103 1050 0
1104 1045 0
1101 1052 0
1102 1054 0
1103 1052 0
1101 1048 0
1100 1051 0
1095 1049 0
1095 1050 0
1095 1046 0
1094 1049 0
1089 1052 0
1084 1048 0
1080 1042 0
1074 1044 0
1074 1046 0
1074 1051 0
1074 1050 0
1071 1044 0
1066 1043 0
1059 1047 0
1057 1050 0
1056 1047 0
1053 1043 0
1052 1045 0
1053 1048 0
1050 1046 0
1044 1044 0
1040 1046 0
1032 1049 0
1027 1048 0
1022 1041 0
1019 1040 0
1019 1045 0
1018 1049 0
1016 1044 0
1015 1041 0
1010 1044 0
1003 1045 0
1008 1044 0
1009 1042 0
1007 1042 0
1006 1047 0
1002 1044 0
998 1041 0
1000 1045 0
1001 1048 0
999 1047 0
994 1042 0
990 1039 0
992 1043 0
992 1045 0
994 1044 0
993 1042 0
992 1043 0
990 1042 0
987 1040 0
988 1038 0
988 1044 0
986 1044 0
988 1046 0
990 1036 0
992 1039 0
996 1045 0
996 1047 0
995 1040 0
990 1038 0
988 1039 0
989 1044 0
992 1043 0
993 1042 0
993 1044 0
991 1048 0
994 1043 0
993 1037 0
994 1042 0
995 1047 0
995 1045 0
991 1042 0
985 1039 0
983 1044 0
986 1045 0
988 1042 0
991 1039 0
990 1044 0
992 1042 0
990 1040 0
991 1041 0
990 1044 0
990 1046 0
990 1039 0
990 1031 0
987 1038 0
986 1043 0
988 1043 0
988 1038 0
988 1042 0
989 1040 0
984 1038 0
982 1035 0
984 1039 0
984 1045 0
982 1040 0
981 1035 0
982 1036 0
984 1042 0
989 1039 0
992 1036 0
995 1034 0
995 1038 0
997 1041 0
996 1039 0
997 1036 0
998 1040 0
1000 1043 0
1001 1038 0
1002 1036 0
1003 1039 0
1004 1045 0
1005 1045 0
1002 1037 0
996 1038 0
989 1043 0
988 1045 0
988 1042 0
988 1039 0
991 1043 0
989 1042 0
989 1038 0
989 1038 0
991 1042 0
991 1046 0
991 1040 0
989 1030 0
991 1036 0
992 1041 0
993 1042 0
994 1038 0
993 1039 0
992 1040 0
992 1040 0
993 1036 0
995 1039 0
994 1043 0
994 1042 0
987 1039 0
984 1036 0
984 1042 0
985 1045 0
986 1041 0
986 1037 0
985 1039 0
984 1044 0
985 1043 0
987 1040 0
989 1040 0
989 1043 0
993 1042 0
990 1036 0
990 1038 0
991 1042 0
994 1045 0
992 1039 0
991 1034 0
989 1039 0
990 1045 0
990 1045 0
987 1041 0
981 1038 0
979 1041 0
986 1042 0
999 1039 0
1016 1040 0
1034 1044 0
1049 1045 0
1067 1037 0
1088 1035 0
1107 1044 0
1124 1046 0
1145 1045 0
1169 1042 0
1193 1043 0
1212 1046 0
1236 1049 0
1246 1048 0
1244 1044 0
1225 1047 0
1196 1048 0
1147 1047 0
1072 1048 0
1002 1054 0
957 1059 0
932 1055 0
921 1051 0
916 1051 0
922 1056 0
936 1058 0
947 1052 0
952 1050 0
954 1049 0
957 1053 0
960 1052 0
965 1050 0
964 1047 0
964 1051 0
959 1048 0
957 1044 0
957 1042 0
957 1047 0
959 1050 0
962 1047 0
964 1040 0
968 1041 0
972 1046 0
976 1048 0
975 1043 0
972 1040 0
970 1041 0
968 1044 0
968 1046 0
969 1041 0
970 1042 0
969 1041 0
968 1043 0
973 1042 0
974 1040 0
976 1039 0
977 1045 0
977 1042 0
977 1038 0
976 1035 0
977 1039 0
977 1045 0
978 1043 0
976 1038 0
979 1035 0
978 1041 0
979 1045 0
982 1046 0
985 1041 0
981 1041 0
980 1043 0
976 1042 0
978 1040 0
978 1040 0
981 1043 0
982 1044 0
982 1040 0
980 1037 0
983 1039 0
988 1042 0
987 1044 0
986 1041 0
986 1034 0
985 1037 0
992 1042 0
996 1048 0
998 1042 0
999 1038 0
998 1038 0
996 1043 0
998 1043 0
1000 1042 0
999 1040 0
999 1040 0
995 1043 0
999 1044 0
1000 1041 0
999 1041 0
1001 1043 0
1000 1044 0
996 1042 0
994 1036 0
995 1037 0
997 1043 0
1002 1045 0
1003 1041 0
1004 1035 0
1007 1036 0
1005 1041 0
1008 1043 0
1011 1042 0
1010 1036 0
1010 1037 0
1009 1045 0
1010 1043 0
1012 1041 0
1013 1040 0
1014 1042 0
1009 1044 0
1011 1044 0
1011 1040 0
1010 1044 0
1008 1046 0
1008 1046 0
1008 1038 0
1008 1037 0
1008 1044 0
1008 1046 0
1009 1045 0
1006 1041 0
1006 1038 0
1007 1044 0
1006 1048 0
1009 1046 0
1009 1038 0
1010 1040 0
1009 1044 0
1006 1045 0
1009 1041 0
1011 1042 0
1010 1042 0
1010 1044 0
1007 1044 0
1006 1043 0
1006 1037 0
1008 1042 0
1004 1044 0
1003 1045 0
1001 1039 0
1000 1036 0
1001 1041 0
1004 1048 0
1003 1047 0
1000 1039 0
996 1037 0
996 1044 0
1001 1047 0
1010 1045 0
1009 1042 0
1006 1044 0
1003 1044 0
1001 1046 0
1002 1045 0
1002 1046 0
998 1047 0
997 1047 0
994 1042 0
998 1040 0
999 1042 0
999 1048 0
996 1046 0
993 1041 0
993 1039 0
993 1043 0
993 1043 0
995 1044 0
998 1042 0
998 1040 0
998 1042 0
1000 1045 0
1002 1042 0
1006 1041 0
1010 1044 0
1012 1045 0
1008 1041 0
1009 1039 0
1014 1041 0
1021 1048 0
1025 1047 0
1028 1044 0
1028 1040 0
1032 1042 0
1036 1043 0
1040 1044 0
1045 1041 0
1046 1038 0
1043 1037 0
1048 1037 0
1064 1037 0
1077 1033 0
1077 1032 0
1068 1033 0
1064 1027 0
1062 1025 0
1054 1026 0
1031 1032 0
979 1030 0
899 1028 0
806 1023 0
729 1026 0
675 1029 0
645 1029 0
633 1027 0
625 1026 0
622 1028 0
624 1029 0
631 1030 0
643 1032 0
655 1034 0
674 1037 0
703 1034 0
729 1034 0
754 1039 0
769 1048 0
777 1045 0
788 1042 0
803 1041 0
817 1045 0
836 1046 0
858 1043 0
870 1045 0
881 1045 0
891 1046 0
903 1044 0
920 1044 0
931 1046 0
940 1047 0
944 1044 0
946 1042 0
949 1042 0
956 1047 0
963 1050 0
970 1047 0
986 1047 0
999 1048 0
1012 1048 0
1023 1049 0
1034 1049 0
1046 1053 0
1054 1055 0
1061 1053 0
1066 1051 0
1070 1055 0
1076 1058 0
1081 1057 0
1089 1053 0
1090 1052 0
1089 1054 0
1094 1059 0
1102 1059 0
1110 1058 0
1118 1058 0
1117 1058 0
1121 1053 0
1125 1054 0
1128 1057 0
1132 1059 0
1136 1054 0
1141 1052 0
1144 1056 0
1148 1056 0
1153 1056 0
1155 1054 0
1159 1057 0
1160 1058 0
1163 1056 0
1167 1059 0
1175 1062 0
1181 1063 0
1185 1059 0
1183 1055 0
1185 1058 0
1188 1063 0
1192 1063 0
1197 1060 0
1195 1058 0
1194 1058 0
1191 1058 0
1190 1057 0
1191 1062 0
1189 1062 0
1184 1060 0
1182 1056 0
1178 1058 0
1180 1061 0
1178 1061 0
1175 1056 0
1167 1057 0
1160 1057 0
1157 1060 0
1152 1061 0
1147 1062 0
1145 1062 0
1141 1060 0
1136 1055 0
1130 1057 0
1123 1063 0
1116 1064 0
1111 1062 0
1104 1060 0
1096 1057 0
1089 1059 0
1082 1058 0
1079 1058 0
1073 1061 0
1065 1060 0
1061 1056 0
1061 1058 0
1059 1060 0
1057 1061 0
1055 1059 0
1052 1057 0
1050 1056 0
1046 1059 0
1043 1056 0
1039 1059 0
1035 1061 0
1031 1055 0
1027 1049 0
1023 1051 0
1026 1057 0
1027 1059 0
1024 1055 0
1020 1055 0
1016 1055 0
1013 1053 0
1017 1049 0
1023 1052 0
1025 1057 0
1023 1054 0
1019 1050 0
1020 1053 0
1022 1054 0
1021 1054 0
1020 1051 0
1018 1050 0
1015 1053 0
1012 1052 0
1011 1049 0
1012 1052 0
1014 1054 0
1012 1049 0
1007 1044 0
1006 1049 0
1002 1053 0
1003 1053 0
1005 1052 0
1007 1052 0
1009 1050 0
1008 1048 0
1005 1048 0
1005 1054 0
1006 1056 0
1005 1051 0
1001 1048 0
1001 1054 0
1000 1052 0
1002 1050 0
1005 1049 0
1003 1053 0
1002 1051 0
999 1050 0
1001 1050 0
1006 1056 0
1005 1055 0
1002 1051 0
999 1047 0
997 1054 0
998 1054 0
999 1053 0
999 1051 0
997 1055 0
995 1050 0
993 1047 0
995 1048 0
998 1054 0
997 1056 0
996 1051 0
993 1049 0
993 1052 0
997 1052 0
999 1052 0
998 1050 0
997 1053 0
995 1052 0
991 1051 0
986 1052 0
989 1056 0
994 1055 0
997 1051 0
999 1047 0
995 1053 0
1002 1056 0
1006 1056 0
1010 1053 0
1009 1055 0
1006 1053 0
997 1051 0
994 1050 0
993 1054 0
993 1058 0
1000 1059 0
1004 1052 0
1008 1052 0
1011 1057 0
1009 1058 0
1005 1055 0
1004 1053 0
1005 1056 0
1007 1059 0
1008 1060 0
1008 1060 0
1008 1062 0
1005 1060 0
1000 1058 0
999 1053 0
999 1057 0
999 1062 0
998 1061 0
997 1055 0
998 1055 0
998 1057 0
1000 1062 0
1001 1061 0
1003 1055 0
1000 1054 0
995 1053 0
997 1058 0
1002 1059 0
1002 1060 0
1002 1062 0
999 1061 0
1003 1061 0
1004 1056 0
1008 1059 0
1014 1064 0
1018 1065 0
1010 1061 0
1000 1057 0
987 1061 0
981 1061 0
980 1060 0
987 1054 0
992 1055 0
992 1057 0
995 1058 0
994 1056 0
998 1058 0
996 1060 0
994 1058 0
990 1054 0
986 1053 0
987 1057 0
990 1061 0
989 1060 0
991 1055 0
992 1056 0
988 1059 0
989 1060 0
987 1058 0
987 1056 0
986 1057 0
983 1056 0
982 1054 0
981 1054 0
981 1057 0
988 1058 0
999 1056 0
1009 1052 0
1024 1050 0
1041 1054 0
1062 1059 0
1082 1058 0
1096 1053 0
1112 1052 0
1131 1056 0
1160 1057 0
1184 1056 0
1205 1053 0
1223 1057 0
1229 1058 0
1225 1057 0
1208 1055 0
1182 1059 0
1138 1065 0
1069 1063 0
1000 1061 0
957 1060 0
938 1062 0
923 1067 0
920 1065 0
925 1062 0
936 1062 0
944 1062 0
951 1059 0
950 1056 0
947 1055 0
952 1060 0
950 1059 0
948 1051 0
946 1051 0
941 1053 0
943 1055 0
943 1046 0
943 1042 0
941 1045 0
942 1050 0
945 1053 0
947 1046 0
947 1043 0
947 1045 0
951 1048 0
953 1042 0
955 1042 0
957 1047 0
953 1042 0
946 1038 0
944 1039 0
946 1047 0
952 1046 0
958 1039 0
956 1034 0
948 1038 0
945 1046 0
943 1045 0
946 1039 0
945 1040 0
946 1042 0
944 1040 0
944 1038 0
945 1038 0
946 1042 0
947 1042 0
946 1037 0
947 1036 0
947 1039 0
948 1044 0
950 1038 0
956 1033 0
957 1037 0
957 1043 0
958 1043 0
959 1041 0
954 1043 0
951 1044 0
953 1041 0
955 1035 0
956 1041 0
956 1046 0
952 1044 0
954 1042 0
955 1042 0
954 1043 0
953 1040 0
955 1040 0
956 1040 0
957 1042 0
955 1039 0
951 1035 0
954 1039 0
954 1043 0
957 1039 0
958 1035 0
962 1033 0
966 1039 0
967 1042 0
971 1039 0
969 1040 0
968 1040 0
964 1040 0
963 1037 0
963 1038 0
965 1044 0
967 1044 0
963 1041 0
960 1036 0
960 1041 0
963 1044 0
969 1044 0
971 1038 0
969 1040 0
967 1043 0
968 1042 0
970 1043 0
972 1047 0
974 1051 0
973 1043 0
973 1038 0
971 1042 0
971 1049 0
974 1049 0
972 1045 0
975 1046 0
972 1047 0
967 1043 0
966 1040 0
966 1045 0
968 1050 0
967 1045 0
967 1043 0
968 1043 0
962 1048 0
962 1047 0
964 1042 0
967 1043 0
969 1044 0
965 1046 0
963 1044 0
964 1043 0
964 1047 0
960 1047 0
964 1041 0
963 1036 0
961 1043 0
963 1048 0
965 1046 0
965 1039 0
963 1043 0
957 1046 0
957 1045 0
956 1040 0
957 1043 0
957 1044 0
955 1044 0
952 1039 0
951 1041 0
953 1048 0
957 1045 0
958 1039 0
960 1039 0
962 1045 0
965 1043 0
969 1042 0
974 1047 0
978 1045 0
982 1039 0
984 1038 0
989 1043 0
994 1047 0
996 1042 0
995 1040 0
993 1039 0
993 1041 0
998 1036 0
998 1030 0
1001 1030 0
1003 1032 0
1012 1029 0
1016 1022 0
1015 1024 0
1007 1028 0
992 1027 0
972 1016 0
938 1014 0
886 1018 0
812 1023 0
739 1021 0
678 1017 0
638 1020 0
617 1027 0
611 1025 0
612 1020 0
608 1025 0
613 1031 0
625 1032 0
644 1029 0
663 1031 0
683 1041 0
697 1046 0
716 1045 0
736 1042 0
759 1046 0
777 1049 0
795 1052 0
811 1050 0
825 1052 0
836 1053 0
841 1051 0
850 1044 0
858 1043 0
872 1050 0
886 1051 0
893 1047 0
899 1040 0
902 1044 0
907 1048 0
911 1047 0
918 1041 0
926 1042 0
930 1046 0
940 1045 0
954 1042 0
969 1044 0
983 1048 0
993 1051 0
1000 1046 0
1006 1044 0
1018 1047 0
1028 1054 0
1036 1053 0
1040 1049 0
1043 1048 0
1050 1054 0
1054 1052 0
1058 1051 0
1060 1051 0
1061 1055 0
1066 1054 0
1069 1049 0
1073 1050 0
1078 1055 0
1084 1055 0
1087 1050 0
1086 1047 0
1087 1049 0
1094 1057 0
1098 1056 0
1097 1051 0
1098 1053 0
1101 1054 0
1104 1056 0
1109 1055 0
1118 1053 0
1122 1057 0
1125 1059 0
1125 1059 0
1130 1053 0
1130 1057 0
1131 1063 0
1132 1061 0
1133 1055 0
1133 1052 0
1138 1053 0
1140 1059 0
1138 1059 0
1139 1054 0
1136 1056 0
1134 1059 0
1133 1060 0
1135 1057 0
1134 1055 0
1136 1055 0
1134 1060 0
1130 1055 0
1124 1052 0
1120 1057 0
1117 1062 0
1117 1057 0
1112 1053 0
1105 1051 0
1103 1055 0
1099 1057 0
1096 1057 0
1095 1052 0
1093 1054 0
1082 1056 0
1074 1053 0
1068 1050 0
1063 1052 0
1059 1056 0
1054 1055 0
1048 1049 0
1043 1049 0
1037 1051 0
1035 1057 0
1031 1055 0
1028 1049 0
1023 1047 0
1019 1051 0
1016 1054 0
1011 1054 0
1010 1050 0
1008 1052 0
1004 1054 0
1001 1053 0
997 1049 0
998 1051 0
996 1054 0
993 1053 0
992 1047 0
990 1047 0
990 1051 0
989 1055 0
988 1053 0
983 1047 0
982 1047 0
979 1052 0
981 1053 0
984 1052 0
987 1051 0
984 1049 0
980 1052 0
978 1053 0
978 1048 0
982 1048 0
985 1053 0
983 1051 0
981 1048 0
979 1046 0
982 1050 0
984 1055 0
985 1055 0
984 1046 0
980 1047 0
978 1050 0
977 1052 0
978 1050 0
978 1046 0
979 1048 0
976 1048 0
973 1052 0
974 1047 0
978 1049 0
979 1049 0
976 1050 0
976 1047 0
972 1048 0
974 1049 0
975 1055 0
978 1054 0
981 1047 0
980 1045 0
979 1049 0
979 1052 0
978 1053 0
981 1049 0
981 1049 0
975 1052 0
974 1051 0
975 1048 0
976 1051 0
976 1052 0
978 1051 0
978 1045 0
975 1047 0
976 1052 0
975 1055 0
976 1051 0
975 1048 0
975 1050 0
974 1051 0
974 1049 0
979 1048 0
976 1047 0
976 1051 0
977 1047 0
976 1044 0
976 1045 0
976 1051 0
976 1051 0
973 1043 0
973 1040 0
972 1045 0
979 1049 0
979 1046 0
980 1042 0
981 1042 0
979 1046 0
977 1043 0
974 1042 0
975 1047 0
975 1050 0
974 1047 0
973 1040 0
976 1042 0
981 1049 0
982 1049 0
981 1045 0
979 1042 0
978 1045 0
978 1046 0
979 1044 0
979 1045 0
978 1048 0
979 1046 0
980 1041 0
980 1042 0
982 1045 0
986 1052 0
989 1049 0
991 1045 0
990 1047 0
989 1048 0
990 1047 0
993 1050 0
995 1050 0
996 1052 0
997 1046 0
997 1044 0
997 1048 0
996 1050 0
995 1046 0
993 1043 0
992 1043 0
988 1046 0
987 1045 0
987 1043 0
988 1046 0
985 1045 0
983 1041 0
981 1041 0
980 1043 0
980 1049 0
979 1043 0
980 1041 0
981 1043 0
982 1043 0
982 1042 0
983 1042 0
985 1047 0
984 1048 0
984 1045 0
984 1044 0
987 1048 0
987 1050 0
986 1045 0
987 1043 0
986 1043 0
984 1044 0
982 1045 0
981 1046 0
979 1047 0
974 1045 0
975 1042 0
978 1046 0
977 1048 0
977 1047 0
980 1046 0
981 1045 0
982 1045 0
983 1039 0
985 1045 0
984 1050 0
981 1048 0
977 1045 0
977 1046 0
979 1044 0
990 1047 0
1007 1046 0
1027 1047 0
1047 1050 0
1065 1047 0
1083 1044 0
1105 1047 0
1131 1051 0
1161 1047 0
1189 1047 0
1214 1049 0
1234 1051 0
1247 1053 0
1246 1054 0
1223 1056 0
1175 1055 0
1089 1052 0
997 1053 0
940 1057 0
916 1062 0
915 1059 0
920 1057 0
932 1057 0
942 1057 0
950 1053 0
951 1052 0
956 1056 0
954 1057 0
954 1052 0
949 1050 0
948 1053 0
948 1055 0
953 1050 0
958 1045 0
956 1048 0
955 1049 0
959 1048 0
964 1047 0
969 1049 0
968 1051 0
966 1047 0
962 1045 0
962 1048 0
964 1052 0
965 1052 0
964 1047 0
961 1046 0
956 1048 0
957 1047 0
963 1048 0
967 1049 0
968 1050 0
965 1049 0
964 1048 0
965 1048 0
967 1052 0
969 1048 0
967 1046 0
968 1049 0
967 1047 0
970 1046 0
971 1049 0
970 1049 0
970 1049 0
970 1044 0
972 1044 0
976 1047 0
973 1052 0
973 1049 0
973 1044 0
973 1045 0
971 1045 0
972 1046 0
974 1045 0
973 1048 0
973 1050 0
972 1045 0
970 1044 0
973 1046 0
972 1050 0
969 1047 0
972 1042 0
974 1041 0
977 1047 0
979 1048 0
979 1047 0
978 1043 0
980 1047 0
981 1043 0
983 1039 0
985 1041 0
984 1048 0
983 1047 0
980 1045 0
982 1043 0
980 1046 0
982 1045 0
983 1044 0
987 1041 0
985 1046 0
985 1049 0
985 1045 0
989 1044 0
994 1048 0
996 1050 0
995 1042 0
992 1038 0
992 1042 0
995 1044 0
997 1045 0
999 1039 0
999 1042 0
996 1043 0
998 1040 0
1002 1039 0
1003 1044 0
1002 1047 0
998 1044 0
997 1040 0
996 1043 0
996 1046 0
996 1047 0
999 1042 0
999 1041 0
1002 1045 0
1003 1046 0
999 1043 0
1000 1048 0
1002 1049 0
1002 1049 0
998 1041 0
995 1043 0
995 1050 0
996 1048 0
996 1046 0
997 1048 0
992 1046 0
991 1045 0
991 1046 0
993 1046 0
995 1048 0
993 1050 0
990 1049 0
989 1046 0
992 1049 0
993 1051 0
994 1048 0
991 1042 0
987 1043 0
986 1049 0
988 1053 0
992 1050 0
992 1050 0
992 1050 0
990 1049 0
986 1046 0
989 1044 0
988 1050 0
988 1052 0
991 1048 0
993 1046 0
995 1048 0
1002 1054 0
1010 1054 0
1014 1049 0
1019 1048 0
1023 1053 0
1024 1052 0
1030 1053 0
1036 1052 0
1039 1053 0
1041 1052 0
1039 1045 0
1042 1042 0
1051 1043 0
1055 1046 0
1053 1036 0
1042 1033 0
1019 1030 0
976 1028 0
908 1023 0
831 1021 0
756 1023 0
685 1027 0
628 1025 0
599 1022 0
597 1027 0
599 1030 0
606 1030 0
609 1026 0
621 1024 0
634 1030 0
654 1038 0
677 1042 0
695 1042 0
714 1043 0
739 1049 0
766 1051 0
787 1048 0
803 1047 0
817 1051 0
831 1052 0
844 1049 0
858 1049 0
871 1052 0
883 1055 0
892 1050 0
897 1044 0
909 1048 0
920 1050 0
932 1050 0
943 1051 0
954 1048 0
966 1053 0
981 1052 0
992 1049 0
1005 1050 0
1019 1055 0
1028 1060 0
1039 1058 0
1048 1052 0
1051 1054 0
1060 1059 0
1064 1062 0
1068 1055 0
1074 1054 0
1078 1054 0
1080 1057 0
1083 1059 0
1087 1057 0
1093 1057 0
1096 1058 0
1099 1055 0
1098 1054 0
1102 1056 0
1105 1064 0
1111 1063 0
1115 1060 0
1118 1058 0
1122 1061 0
1128 1061 0
1133 1061 0
1135 1056 0
1141 1057 0
1144 1060 0
1148 1060 0
1151 1060 0
1158 1061 0
1160 1063 0
1162 1059 0
1161 1054 0
1163 1054 0
1169 1061 0
1172 1064 0
1175 1060 0
1177 1057 0
1177 1058 0
1177 1061 0
1180 1061 0
1184 1056 0
1187 1057 0
1182 1059 0
1182 1059 0
1177 1056 0
1177 1056 0
1180 1062 0
1180 1061 0
1180 1056 0
1173 1051 0
1167 1054 0
1166 1058 0
1166 1059 0
1164 1055 0
1158 1055 0
1150 1054 0
1140 1050 0
1131 1050 0
1123 1056 0
1117 1059 0
1113 1055 0
1106 1053 0
1103 1051 0
1099 1058 0
1097 1057 0
1093 1051 0
1088 1052 0
1080 1056 0
1073 1056 0
1067 1053 0
1063 1055 0
1060 1054 0
1054 1053 0
1048 1050 0
1043 1049 0
1043 1054 0
1043 1056 0
1040 1053 0
1037 1050 0
1032 1052 0
1028 1051 0
1024 1048 0
1024 1047 0
1024 1052 0
1020 1053 0
1020 1048 0
1018 1047 0
1017 1051 0
1018 1052 0
1018 1049 0
1016 1042 0
1010 1048 0
1008 1051 0
1011 1048 0
1010 1049 0
1013 1051 0
1010 1049 0
1007 1044 0
1006 1041 0
1006 1047 0
1012 1051 0
1013 1046 0
1011 1044 0
1005 1045 0
1003 1046 0
1003 1040 0
1006 1043 0
1008 1045 0
1009 1045 0
1007 1040 0
1004 1040 0
1009 1047 0
1008 1047 0
1008 1042 0
1007 1040 0
1002 1044 0
1000 1045 0
1002 1041 0
1005 1044 0
1008 1046 0
1006 1045 0
1006 1040 0
1003 1040 0
1001 1048 0
1004 1048 0
1005 1044 0
1002 1043 0
999 1047 0
995 1043 0
992 1041 0
993 1046 0
994 1050 0
997 1047 0
999 1040 0
998 1046 0
1002 1049 0
999 1048 0
1000 1044 0
998 1047 0
995 1047 0
994 1044 0
995 1044 0
996 1050 0
995 1048 0
994 1042 0
992 1039 0
990 1043 0
992 1048 0
993 1047 0
993 1043 0
993 1046 0
994 1049 0
992 1044 0
992 1043 0
992 1049 0
995 1052 0
994 1047 0
993 1039 0
988 1045 0
989 1048 0
991 1045 0
993 1042 0
995 1045 0
991 1049 0
988 1047 0
990 1044 0
992 1048 0
991 1051 0
991 1051 0
992 1043 0
993 1043 0
995 1050 0
997 1054 0
1001 1049 0
1003 1049 0
1005 1051 0
1006 1053 0
1007 1046 0
1006 1048 0
1005 1051 0
1000 1049 0
994 1047 0
990 1044 0
991 1049 0
990 1052 0
990 1046 0
990 1043 0
988 1044 0
988 1047 0
990 1044 0
989 1044 0
988 1049 0
987 1049 0
986 1044 0
984 1043 0
989 1047 0
989 1052 0
991 1048 0
996 1042 0
996 1045 0
993 1047 0
993 1046 0
993 1045 0
992 1045 0
989 1049 0
986 1045 0
983 1043 0
983 1043 0
984 1050 0
986 1048 0
984 1042 0
982 1040 0
980 1044 0
982 1048 0
982 1045 0
983 1046 0
983 1049 0
984 1048 0
984 1042 0
987 1042 0
987 1048 0
987 1051 0
986 1048 0
983 1044 0
982 1045 0
981 1049 0
980 1048 0
974 1040 0
972 1040 0
977 1043 0
985 1043 0
997 1043 0
1018 1044 0
1043 1046 0
1063 1047 0
1081 1044 0
1096 1042 0
1116 1049 0
1140 1053 0
1163 1051 0
1186 1047 0
1203 1050 0
1213 1053 0
1212 1051 0
1193 1050 0
1169 1048 0
1133 1053 0
1081 1056 0
1019 1052 0
970 1055 0
943 1062 0
930 1061 0
926 1056 0
931 1051 0
939 1057 0
947 1059 0
954 1056 0
956 1053 0
961 1054 0
961 1053 0
958 1049 0
954 1047 0
952 1050 0
949 1050 0
948 1047 0
948 1041 0
948 1038 0
952 1045 0
955 1044 0
960 1040 0
962 1039 0
960 1042 0
957 1044 0
957 1039 0
958 1042 0
958 1045 0
959 1045 0
955 1038 0
957 1035 0
957 1038 0
956 1047 0
960 1041 0
959 1035 0
959 1034 0
959 1040 0
962 1041 0
963 1038 0
962 1038 0
961 1041 0
961 1041 0
963 1038 0
964 1036 0
965 1045 0
967 1046 0
965 1039 0
964 1035 0
962 1039 0
964 1044 0
969 1043 0
969 1040 0
968 1041 0
968 1043 0
966 1043 0
965 1039 0
968 1044 0
966 1046 0
967 1045 0
965 1038 0
964 1037 0
967 1043 0
972 1047 0
975 1043 0
979 1038 0
976 1038 0
971 1044 0
970 1043 0
972 1041 0
971 1040 0
977 1045 0
975 1042 0
974 1038 0
976 1037 0
976 1044 0
979 1048 0
980 1043 0
977 1040 0
977 1040 0
979 1045 0
980 1048 0
977 1041 0
974 1040 0
976 1042 0
978 1046 0
987 1042 0
989 1041 0
992 1044 0
990 1047 0
986 1043 0
983 1038 0
984 1041 0
981 1044 0
982 1048 0
986 1043 0
984 1038 0
983 1042 0
988 1048 0
989 1045 0
989 1041 0
988 1040 0
986 1042 0
983 1042 0
986 1040 0
987 1043 0
992 1047 0
989 1047 0
984 1044 0
980 1041 0
980 1046 0
984 1050 0
986 1049 0
990 1042 0
989 1042 0
987 1047 0
988 1050 0
988 1047 0
990 1043 0
990 1046 0
990 1048 0
979 1046 0
983 1044 0
981 1049 0
979 1050 0
979 1051 0
980 1046 0
981 1043 0
985 1049 0
985 1053 0
985 1048 0
981 1047 0
977 1047 0
980 1052 0
982 1046 0
988 1046 0
986 1049 0
988 1049 0
985 1046 0
981 1044 0
982 1048 0
982 1051 0
982 1050 0
979 1045 0
976 1040 0
972 1047 0
974 1046 0
976 1044 0
978 1042 0
980 1045 0
974 1045 0
970 1040 0
971 1039 0
969 1044 0
972 1043 0
973 1042 0
974 1035 0
974 1038 0
977 1044 0
980 1046 0
982 1039 0
982 1037 0
983 1038 0
982 1039 0
986 1037 0
989 1035 0
993 1034 0
1008 1033 0
1027 1030 0
1041 1024 0
1048 1026 0
1047 1032 0
1044 1029 0
1042 1024 0
1028 1023 0
1002 1026 0
945 1027 0
866 1023 0
789 1023 0
734 1027 0
695 1027 0
670 1024 0
655 1028 0
643 1033 0
641 1033 0
646 1029 0
649 1028 0
652 1035 0
669 1038 0
702 1040 0
735 1042 0
763 1044 0
782 1045 0
794 1043 0
814 1046 0
832 1050 0
842 1049 0
847 1047 0
852 1043 0
859 1049 0
866 1047 0
879 1048 0
890 1045 0
906 1046 0
909 1045 0
916 1042 0
925 1041 0
937 1046 0
952 1050 0
968 1046 0
980 1043 0
992 1046 0
1004 1051 0
1015 1048 0
1024 1047 0
1031 1051 0
1035 1051 0
1036 1044 0
1040 1047 0
1043 1052 0
1045 1051 0
1045 1045 0
1047 1043 0
1057 1050 0
1063 1052 0
1067 1047 0
1070 1048 0
1070 1051 0
1069 1048 0
1069 1043 0
1074 1046 0
1080 1054 0
1086 1053 0
1090 1045 0
1094 1046 0
1093 1048 0
1098 1049 0
1104 1048 0
1107 1049 0
1111 1052 0
1109 1046 0
1109 1045 0
1111 1048 0
1114 1051 0
1117 1047 0
1123 1044 0
1128 1048 0
1129 1045 0
1129 1046 0
1133 1049 0
1136 1047 0
1137 1045 0
1135 1042 0
1129 1045 0
1130 1049 0
1130 1048 0
1128 1044 0
1126 1043 0
1120 1045 0
1115 1042 0
1116 1041 0
1115 1050 0
1112 1049 0
1111 1044 0
1103 1042 0
1095 1045 0
1093 1046 0
1092 1042 0
1091 1044 0
1085 1048 0
1076 1046 0
1065 1040 0
1055 1045 0
1050 1045 0
1043 1045 0
1043 1040 0
1036 1041 0
1032 1043 0
1026 1043 0
1026 1044 0
1021 1046 0
1016 1045 0
1012 1042 0
1009 1041 0
1011 1044 0
1012 1048 0
1012 1046 0
1009 1042 0
1004 1042 0
1005 1043 0
1004 1043 0
1002 1044 0
1000 1046 0
995 1047 0
993 1043 0
989 1042 0
990 1044 0
994 1048 0
993 1044 0
992 1042 0
987 1043 0
981 1043 0
980 1044 0
987 1045 0
988 1046 0
991 1042 0
988 1041 0
988 1042 0
989 1049 0
992 1050 0
997 1046 0
995 1046 0
995 1045 0
994 1044 0
998 1043 0
1000 1048 0
997 1049 0
996 1046 0
995 1041 0
995 1043 0
995 1049 0
996 1047 0
992 1044 0
994 1045 0
993 1048 0
992 1041 0
993 1044 0
988 1048 0
988 1049 0
991 1044 0
990 1040 0
988 1044 0
984 1047 0
985 1049 0
987 1046 0
987 1044 0
985 1045 0
979 1041 0
981 1041 0
985 1045 0
992 1051 0
994 1045 0
989 1042 0
986 1043 0
983 1043 0
985 1047 0
988 1043 0
989 1042 0
990 1046 0
986 1046 0
992 1045 0
995 1047 0
997 1049 0
996 1048 0
995 1041 0
990 1043 0
992 1051 0
997 1054 0
999 1049 0
991 1046 0
984 1045 0
979 1044 0
981 1046 0
986 1046 0
990 1048 0
989 1048 0
987 1044 0
987 1046 0
993 1046 0
994 1050 0
997 1047 0
998 1042 0
999 1047 0
997 1047 0
1000 1051 0
1004 1048 0
1006 1050 0
1008 1049 0
1008 1046 0
1005 1043 0
1006 1047 0
1007 1050 0
1002 1049 0
1000 1045 0
998 1043 0
993 1044 0
997 1044 0
997 1041 0
999 1045 0
996 1045 0
993 1043 0
989 1039 0
994 1039 0
991 1046 0
991 1045 0
992 1038 0
987 1035 0
981 1038 0
982 1043 0
989 1043 0
995 1040 0
994 1042 0
990 1042 0
988 1041 0
994 1037 0
994 1042 0
997 1046 0
993 1043 0
990 1038 0
985 1038 0
987 1043 0
987 1042 0
990 1036 0
990 1038 0
988 1039 0
987 1042 0
987 1041 0
985 1040 0
982 1044 0
982 1044 0
984 1039 0
989 1036 0
991 1040 0
991 1046 0
987 1043 0
982 1039 0
976 1039 0
975 1040 0
975 1041 0
976 1039 0
981 1039 0
987 1040 0
999 1042 0
1014 1038 0
1031 1038 0
1053 1045 0
1071 1044 0
1089 1039 0
1112 1037 0
1135 1042 0
1163 1050 0
1190 1051 0
1217 1047 0
1243 1048 0
1255 1049 0
1253 1046 0
1237 1042 0
1208 1046 0
1156 1052 0
1067 1052 0
987 1048 0
943 1051 0
928 1055 0
926 1054 0
932 1050 0
940 1048 0
950 1050 0
954 1050 0
956 1050 0
956 1048 0
956 1048 0
953 1050 0
947 1044 0
946 1041 0
949 1043 0
951 1048 0
950 1048 0
952 1042 0
953 1041 0
950 1040 0
957 1043 0
961 1042 0
963 1038 0
965 1040 0
962 1044 0
960 1041 0
963 1042 0
966 1045 0
969 1044 0
969 1041 0
971 1036 0
969 1037 0
967 1042 0
968 1046 0
969 1042 0
971 1041 0
970 1041 0
971 1043 0
974 1040 0
973 1041 0
971 1044 0
969 1045 0
964 1043 0
962 1038 0
964 1043 0
970 1047 0
973 1044 0
972 1040 0
971 1037 0
969 1043 0
975 1046 0
977 1045 0
972 1044 0
966 1046 0
963 1046 0
961 1042 0
963 1040 0
967 1046 0
971 1049 0
975 1049 0
976 1045 0
977 1044 0
977 1047 0
980 1051 0
984 1045 0
982 1042 0
979 1045 0
973 1048 0
977 1046 0
980 1045 0
983 1049 0
984 1048 0
984 1044 0
982 1043 0
977 1046 0
974 1050 0
974 1049 0
977 1047 0
981 1046 0
982 1046 0
984 1045 0
985 1047 0
988 1047 0
987 1049 0
988 1048 0
987 1043 0
993 1049 0
996 1052 0
1000 1049 0
995 1043 0
987 1043 0
977 1047 0
979 1052 0
985 1049 0
993 1049 0
995 1051 0
999 1050 0
999 1046 0
1000 1045 0
1000 1053 0
999 1052 0
997 1047 0
997 1048 0
994 1048 0
997 1047 0
999 1045 0
1000 1048 0
1003 1050 0
1004 1046 0
1003 1043 0
1000 1046 0
996 1048 0
997 1044 0
994 1039 0
994 1041 0
991 1045 0
992 1045 0
994 1040 0
991 1044 0
987 1046 0
987 1038 0
985 1038 0
986 1043 0
986 1046 0
984 1043 0
982 1039 0
978 1039 0
978 1042 0
983 1040 0
988 1036 0
987 1038 0
989 1042 0
989 1041 0
986 1036 0
986 1039 0
978 1045 0
969 1041 0
965 1037 0
966 1036 0
969 1039 0
974 1043 0
981 1039 0
988 1040 0
987 1041 0
990 1037 0
990 1036 0
998 1039 0
1004 1043 0
1011 1042 0
1015 1037 0
1013 1038 0
1015 1038 0
1018 1036 0
1019 1032 0
1024 1032 0
1028 1033 0
1026 1028 0
1018 1024 0
1007 1024 0
985 1025 0
935 1018 0
857 1012 0
772 1013 0
697 1017 0
635 1016 0
598 1015 0
589 1018 0
589 1021 0
593 1015 0
598 1013 0
610 1022 0
627 1029 0
648 1028 0
670 1027 0
692 1033 0
715 1037 0
745 1037 0
782 1038 0
807 1040 0
823 1045 0
834 1041 0
844 1038 0
855 1044 0
869 1047 0
882 1043 0
890 1040 0
897 1040 0
906 1045 0
920 1043 0
933 1041 0
944 1044 0
955 1047 0
974 1042 0
991 1038 0
1006 1046 0
1018 1053 0
1032 1050 0
1043 1047 0
1052 1049 0
1056 1051 0
1059 1050 0
1067 1050 0
1072 1052 0
1079 1055 0
1079 1051 0
1081 1051 0
1087 1057 0
1088 1060 0
1092 1052 0
1095 1052 0
1100 1054 0
1101 1053 0
1104 1053 0
1109 1054 0
1117 1058 0
1123 1057 0
1125 1050 0
1127 1052 0
1135 1058 0
1144 1061 0
1149 1055 0
1150 1057 0
1150 1057 0
1153 1054 0
1155 1052 0
1162 1057 0
1166 1058 0
1168 1057 0
1168 1052 0
1167 1053 0
1168 1060 0
1171 1060 0
1171 1057 0
1175 1055 0
1172 1058 0
1170 1056 0
1172 1056 0
1176 1059 0
1178 1063 0
1174 1059 0
1170 1053 0
1166 1055 0
1164 1059 0
1162 1062 0
1160 1057 0
1156 1058 0
1151 1058 0
1144 1055 0
1139 1054 0
1133 1057 0
1123 1058 0
1115 1057 0
1112 1052 0
1108 1055 0
1103 1059 0
1100 1056 0
1097 1052 0
1095 1052 0
1087 1056 0
1080 1053 0
1074 1051 0
1072 1055 0
1070 1058 0
1067 1053 0
1063 1047 0
1060 1049 0
1056 1054 0
1054 1057 0
1049 1052 0
1047 1052 0
1042 1054 0
1035 1051 0
1032 1049 0
1026 1049 0
1021 1053 0
1017 1053 0
1016 1046 0
1015 1049 0
1015 1054 0
1018 1053 0
1016 1047 0
1018 1048 0
1016 1050 0
1014 1051 0
1014 1047 0
1013 1051 0
1011 1054 0
1011 1053 0
1011 1046 0
1010 1044 0
1008 1049 0
1003 1054 0
1003 1050 0
1003 1044 0
1001 1047 0
1003 1047 0
1007 1045 0
1007 1044 0
1005 1048 0
1006 1049 0
1002 1044 0
1000 1041 0
1000 1046 0
1000 1049 0
1003 1046 0
1002 1042 0
1001 1044 0
997 1045 0
996 1046 0
999 1047 0
1000 1046 0
1002 1045 0
998 1041 0
996 1037 0
993 1043 0
993 1048 0
993 1047 0
992 1040 0
989 1037 0
985 1043 0
988 1045 0
990 1041 0
993 1039 0
996 1043 0
998 1043 0
996 1040 0
992 1038 0
989 1042 0
986 1045 0
982 1043 0
984 1035 0
988 1038 0
990 1048 0
988 1046 0
990 1043 0
987 1041 0
988 1044 0
985 1044 0
987 1039 0
988 1041 0
989 1044 0
987 1045 0
984 1039 0
979 1039 0
979 1042 0
983 1050 0
987 1044 0
986 1039 0
985 1039 0
987 1044 0
990 1045 0
990 1041 0
986 1039 0
982 1047 0
980 1046 0
979 1041 0
984 1039 0
987 1044 0
988 1047 0
982 1045 0
981 1039 0
982 1040 0
985 1044 0
983 1047 0
981 1040 0
983 1041 0
985 1043 0
984 1047 0
982 1044 0
981 1043 0
981 1046 0
983 1049 0
985 1045 0
983 1040 0
988 1043 0
991 1051 0
992 1050 0
998 1047 0
998 1044 0
997 1049 0
999 1050 0
995 1045 0
993 1047 0
987 1047 0
984 1046 0
982 1046 0
983 1044 0
985 1046 0
986 1049 0
986 1045 0
987 1039 0
987 1040 0
990 1046 0
988 1047 0
988 1042 0
987 1039 0
988 1042 0
986 1045 0
980 1043 0
973 1043 0
972 1043 0
970 1048 0
971 1047 0
976 1042 0
978 1043 0
983 1046 0
982 1048 0
976 1044 0
972 1041 0
971 1041 0
970 1046 0
973 1047 0
972 1042 0
971 1044 0
969 1045 0
971 1047 0
973 1041 0
977 1042 0
975 1046 0
972 1046 0
972 1042 0
970 1040 0
973 1043 0
978 1050 0
978 1047 0
975 1039 0
976 1041 0
972 1040 0
970 1045 0
968 1042 0
967 1038 0
966 1041 0
965 1043 0
966 1040 0
973 1037 0
984 1039 0
1000 1042 0
1014 1044 0
1027 1038 0
1042 1038 0
1060 1039 0
1077 1047 0
1098 1046 0
1120 1041 0
1143 1040 0
1165 1046 0
1182 1048 0
1194 1045 0
1195 1043 0
1183 1047 0
1161 1049 0
1127 1048 0
1080 1048 0
1027 1052 0
981 1057 0
946 1055 0
925 1049 0
913 1052 0
916 1059 0
927 1057 0
934 1051 0
936 1047 0
938 1048 0
935 1049 0
938 1048 0
941 1045 0
944 1046 0
944 1047 0
943 1044 0
940 1039 0
943 1039 0
945 1045 0
947 1045 0
949 1038 0
945 1034 0
942 1034 0
943 1042 0
951 1045 0
957 1039 0
960 1036 0
957 1039 0
956 1042 0
956 1041 0
957 1039 0
956 1039 0
957 1042 0
955 1043 0
954 1038 0
955 1036 0
957 1039 0
958 1042 0
960 1040 0
958 1034 0
957 1034 0
958 1041 0
958 1044 0
960 1042 0
962 1035 0
963 1033 0
963 1038 0
962 1040 0
962 1039 0
965 1035 0
964 1040 0
961 1040 0
960 1037 0
958 1037 0
961 1038 0
960 1039 0
960 1036 0
959 1031 0
962 1030 0
965 1037 0
967 1040 0
968 1038 0
964 1034 0
964 1031 0
967 1035 0
970 1038 0
975 1039 0
976 1035 0
972 1038 0
971 1040 0
968 1040 0
970 1038 0
968 1039 0
966 1042 0
966 1040 0
965 1038 0
970 1035 0
974 1040 0
977 1045 0
979 1044 0
975 1041 0
968 1040 0
967 1041 0
968 1041 0
972 1040 0
975 1040 0
976 1043 0
974 1042 0
973 1043 0
976 1039 0
979 1043 0
979 1045 0
978 1045 0
976 1039 0
977 1036 0
978 1040 0
983 1044 0
985 1046 0
985 1041 0
986 1038 0
985 1040 0
984 1043 0
983 1042 0
986 1040 0
982 1040 0
981 1042 0
980 1045 0
979 1046 0
983 1042 0
986 1045 0
985 1045 0
985 1044 0
983 1039 0
981 1042 0
988 1045 0
988 1047 0
986 1048 0
986 1043 0
986 1043 0
987 1044 0
991 1048 0
991 1050 0
986 1044 0
980 1041 0
978 1042 0
984 1048 0
983 1050 0
987 1046 0
984 1046 0
981 1047 0
976 1047 0
980 1049 0
982 1046 0
985 1046 0
980 1047 0
970 1048 0
970 1045 0
971 1046 0
975 1050 0
975 1049 0
976 1047 0
973 1043 0
971 1041 0
971 1047 0
972 1052 0
973 1050 0
978 1045 0
974 1046 0
972 1047 0
971 1048 0
972 1047 0
973 1044 0
971 1046 0
971 1046 0
969 1048 0
969 1047 0
970 1048 0
967 1048 0
965 1046 0
965 1044 0
965 1040 0
966 1043 0
974 1049 0
981 1049 0
982 1046 0
982 1042 0
979 1043 0
983 1048 0
987 1049 0
992 1044 0
998 1041 0
998 1041 0
997 1046 0
998 1045 0
1002 1044 0
1010 1043 0
1012 1040 0
1013 1039 0
1017 1038 0
1030 1033 0
1047 1033 0
1056 1037 0
1056 1035 0
1048 1031 0
1046 1031 0
1044 1030 0
1039 1034 0
1023 1033 0
992 1026 0
938 1020 0
860 1023 0
784 1030 0
719 1035 0
675 1031 0
651 1028 0
642 1026 0
633 1032 0
631 1032 0
636 1031 0
642 1031 0
644 1030 0
646 1036 0
650 1039 0
667 1038 0
690 1043 0
719 1044 0
733 1045 0
740 1042 0
750 1039 0
