-590000 -1000000 0
-590000 -1030000 0
-610000 -1070000 0
-650000 -1100000 0
-670000 -1160000 0
-710000 -1180000 0
-740000 -1220000 0
-740000 -1210000 0
-760000 -1180000 0
-770000 -1170000 0
-770000 -1130000 0
-750000 -1120000 0
-740000 -1110000 0
-750000 -1140000 0
-730000 -1110000 0
-770000 -1130000 0
-810000 -1110000 0
-870000 -1120000 0
-870000 -1110000 0
-890000 -1100000 0
-920000 -1090000 0
-920000 -1070000 0
-900000 -1040000 0
-890000 -1000000 0
-880000 -1010000 0
-850000 -1000000 0
-850000 -1000000 0
-850000 -1030000 0
-860000 -1040000 0
-860000 -1050000 0
-870000 -1050000 0
-880000 -1050000 0
-910000 -1050000 0
-890000 -1060000 0
-860000 -1030000 0
-860000 -1020000 0
-830000 -1010000 0
-830000 -1000000 0
-870000 -1020000 0
-910000 -1050000 0
-960000 -1030000 0
-990000 -1030000 0
-950000 -1020000 0
-820000 -990000 0
-640000 -970000 0
-340000 -1000000 0
30000 -1080000 0
420000 -1200000 0
850000 -1340000 0
1240000 -1500000 0
1500000 -1640000 0
1510000 -1690000 0
1230000 -1710000 0
750000 -1640000 0
170000 -1520000 0
-380000 -1320000 0
-760000 -1120000 0
-900000 -920000 0
-890000 -810000 0
-750000 -840000 0
-620000 -930000 0
-550000 -1040000 0
-520000 -1140000 0
-560000 -1200000 0
-620000 -1200000 0
-700000 -1210000 0
-750000 -1160000 0
-810000 -1120000 0
-830000 -1100000 0
-810000 -1080000 0
-810000 -1050000 0
-800000 -1040000 0
-800000 -1030000 0
-790000 -1040000 0
-790000 -1040000 0
-790000 -1030000 0
-800000 -1040000 0
-830000 -1060000 0
-830000 -1080000 0
-840000 -1070000 0
-860000 -1090000 0
-840000 -1070000 0
-820000 -1050000 0
-800000 -1040000 0
-800000 -1020000 0
-820000 -1020000 0
-800000 -1030000 0
-800000 -1030000 0
-810000 -1040000 0
-820000 -1070000 0
-820000 -1080000 0
-850000 -1090000 0
-820000 -1060000 0
-810000 -1060000 0
-810000 -1060000 0
-790000 -1040000 0
-750000 -1020000 0
-760000 -1030000 0
-760000 -1030000 0
-750000 -1060000 0
-750000 -1070000 0
-780000 -1090000 0
-770000 -1120000 0
-790000 -1100000 0
-790000 -1100000 0
-800000 -1080000 0
-770000 -1070000 0
-780000 -1060000 0
-760000 -1050000 0
-760000 -1040000 0
-760000 -1070000 0
-760000 -1080000 0
-770000 -1070000 0
-770000 -1100000 0
-770000 -1130000 0
-790000 -1130000 0
-770000 -1120000 0
-770000 -1110000 0
-750000 -1100000 0
-740000 -1080000 0
-720000 -1100000 0
-720000 -1100000 0
-720000 -1120000 0
-730000 -1120000 0
-740000 -1140000 0
-740000 -1150000 0
-770000 -1150000 0
-760000 -1160000 0
-770000 -1160000 0
-760000 -1160000 0
-750000 -1130000 0
-740000 -1140000 0
-720000 -1120000 0
-710000 -1120000 0
-700000 -1130000 0
-710000 -1160000 0
-720000 -1160000 0
-730000 -1180000 0
-740000 -1200000 0
-730000 -1190000 0
-750000 -1210000 0
-730000 -1170000 0
-710000 -1170000 0
-690000 -1170000 0
-650000 -1140000 0
-630000 -1160000 0
-610000 -1160000 0
-590000 -1170000 0
-580000 -1220000 0
-580000 -1240000 0
-580000 -1250000 0
-590000 -1270000 0
-590000 -1260000 0
-590000 -1240000 0
-550000 -1210000 0
-550000 -1220000 0
-540000 -1200000 0
-540000 -1210000 0
-550000 -1210000 0
-540000 -1220000 0
-590000 -1220000 0
-610000 -1230000 0
-640000 -1230000 0
-640000 -1250000 0
-660000 -1220000 0
-670000 -1200000 0
-680000 -1180000 0
-680000 -1160000 0
-680000 -1150000 0
-670000 -1140000 0
-680000 -1130000 0
-690000 -1130000 0
-710000 -1150000 0
-730000 -1170000 0
-730000 -1160000 0
-750000 -1160000 0
-770000 -1150000 0
-750000 -1130000 0
-740000 -1110000 0
-740000 -1090000 0
-740000 -1060000 0
-730000 -1060000 0
-730000 -1080000 0
-730000 -1110000 0
-750000 -1090000 0
-770000 -1090000 0
-760000 -1100000 0
-790000 -1110000 0
-790000 -1090000 0
-800000 -1090000 0
-780000 -1080000 0
-780000 -1080000 0
-770000 -1060000 0
-790000 -1070000 0
-770000 -1060000 0
-790000 -1080000 0
-770000 -1100000 0
-800000 -1100000 0
-820000 -1110000 0
-820000 -1120000 0
-820000 -1100000 0
-830000 -1070000 0
-820000 -1070000 0
-790000 -1060000 0
-790000 -1040000 0
-780000 -1040000 0
-790000 -1040000 0
-800000 -1070000 0
-820000 -1070000 0
-850000 -1100000 0
-830000 -1090000 0
-830000 -1070000 0
-840000 -1090000 0
-850000 -1070000 0
-830000 -1070000 0
-850000 -1050000 0
-810000 -1030000 0
-800000 -1060000 0
-810000 -1060000 0
-830000 -1060000 0
-840000 -1070000 0
-850000 -1090000 0
-870000 -1070000 0
-860000 -1090000 0
-850000 -1080000 0
-830000 -1070000 0
-820000 -1040000 0
-810000 -1030000 0
-770000 -1030000 0
-750000 -1030000 0
-740000 -1050000 0
-710000 -1040000 0
-720000 -1060000 0
-710000 -1070000 0
-720000 -1080000 0
-730000 -1050000 0
-720000 -1050000 0
-720000 -1030000 0
-690000 -1010000 0
-670000 -990000 0
-640000 -990000 0
-600000 -1000000 0
-590000 -1020000 0
-590000 -1050000 0
-610000 -1080000 0
-650000 -1150000 0
-710000 -1160000 0
-750000 -1180000 0
-760000 -1180000 0
-760000 -1180000 0
-750000 -1170000 0
-720000 -1130000 0
-740000 -1130000 0
-730000 -1130000 0
-730000 -1120000 0
-740000 -1160000 0
-760000 -1160000 0
-780000 -1150000 0
-810000 -1160000 0
-820000 -1160000 0
-840000 -1140000 0
-870000 -1110000 0
-880000 -1090000 0
-880000 -1060000 0
-870000 -1030000 0
-890000 -1040000 0
-880000 -1030000 0
-880000 -1050000 0
-880000 -1060000 0
-900000 -1090000 0
-900000 -1090000 0
-900000 -1090000 0
-910000 -1080000 0
-900000 -1060000 0
-890000 -1050000 0
-880000 -1040000 0
-870000 -1020000 0
-850000 -1030000 0
-850000 -1030000 0
-860000 -1030000 0
-870000 -1060000 0
-920000 -1110000 0
-970000 -1080000 0
-1010000 -1070000 0
-1010000 -1040000 0
-930000 -1020000 0
-760000 -1000000 0
-520000 -1000000 0
-210000 -1050000 0
160000 -1140000 0
580000 -1300000 0
980000 -1460000 0
1310000 -1630000 0
1480000 -1770000 0
1360000 -1830000 0
1020000 -1780000 0
490000 -1660000 0
-60000 -1480000 0
-530000 -1270000 0
-820000 -1050000 0
-900000 -870000 0
-870000 -780000 0
-760000 -820000 0
-640000 -930000 0
-610000 -1040000 0
-620000 -1160000 0
-630000 -1220000 0
-720000 -1250000 0
-730000 -1190000 0
-790000 -1160000 0
-810000 -1100000 0
-820000 -1070000 0
-800000 -1060000 0
-800000 -1070000 0
-800000 -1050000 0
-800000 -1060000 0
-820000 -1080000 0
-840000 -1080000 0
-870000 -1080000 0
-890000 -1070000 0
-890000 -1070000 0
-870000 -1070000 0
-860000 -1040000 0
-840000 -1040000 0
-830000 -1030000 0
-840000 -1030000 0
-810000 -1020000 0
-830000 -1050000 0
-840000 -1060000 0
-840000 -1070000 0
-850000 -1090000 0
-870000 -1090000 0
-880000 -1080000 0
-870000 -1060000 0
-850000 -1070000 0
-830000 -1060000 0
-820000 -1030000 0
-800000 -1040000 0
-800000 -1060000 0
-810000 -1080000 0
-800000 -1090000 0
-810000 -1100000 0
-830000 -1120000 0
-840000 -1110000 0
-850000 -1090000 0
-820000 -1090000 0
-810000 -1070000 0
-800000 -1070000 0
-800000 -1060000 0
-780000 -1050000 0
-780000 -1070000 0
-760000 -1090000 0
-790000 -1090000 0
-790000 -1110000 0
-800000 -1120000 0
-830000 -1130000 0
-810000 -1130000 0
-800000 -1110000 0
-800000 -1110000 0
-800000 -1090000 0
-810000 -1070000 0
-790000 -1090000 0
-770000 -1080000 0
-770000 -1100000 0
-780000 -1120000 0
-770000 -1160000 0
-780000 -1160000 0
-820000 -1160000 0
-810000 -1140000 0
-810000 -1150000 0
-810000 -1130000 0
-790000 -1110000 0
-770000 -1080000 0
-770000 -1120000 0
-760000 -1110000 0
-750000 -1130000 0
-780000 -1150000 0
-770000 -1160000 0
-790000 -1160000 0
-790000 -1200000 0
-800000 -1170000 0
-790000 -1170000 0
-750000 -1180000 0
-750000 -1170000 0
-740000 -1140000 0
-720000 -1160000 0
-710000 -1160000 0
-710000 -1150000 0
-700000 -1180000 0
-700000 -1200000 0
-700000 -1220000 0
-690000 -1220000 0
-680000 -1230000 0
-650000 -1220000 0
-630000 -1200000 0
-600000 -1210000 0
-580000 -1200000 0
-550000 -1220000 0
-560000 -1230000 0
-570000 -1250000 0
-570000 -1270000 0
-590000 -1270000 0
-610000 -1290000 0
-640000 -1310000 0
-650000 -1270000 0
-650000 -1250000 0
-670000 -1240000 0
-660000 -1220000 0
-670000 -1200000 0
-680000 -1170000 0
-710000 -1190000 0
-680000 -1200000 0
-710000 -1190000 0
-740000 -1200000 0
-750000 -1200000 0
-770000 -1220000 0
-790000 -1190000 0
-780000 -1150000 0
-780000 -1150000 0
-770000 -1120000 0
-770000 -1130000 0
-770000 -1090000 0
-770000 -1120000 0
-760000 -1100000 0
-790000 -1120000 0
-820000 -1120000 0
-850000 -1130000 0
-830000 -1150000 0
-840000 -1140000 0
-820000 -1130000 0
-840000 -1120000 0
-840000 -1100000 0
-800000 -1110000 0
-800000 -1100000 0
-810000 -1100000 0
-830000 -1100000 0
-830000 -1120000 0
-860000 -1130000 0
-880000 -1140000 0
-880000 -1140000 0
-880000 -1110000 0
-880000 -1130000 0
-850000 -1120000 0
-850000 -1080000 0
-840000 -1050000 0
-820000 -1070000 0
-810000 -1080000 0
-820000 -1060000 0
-830000 -1100000 0
-830000 -1110000 0
-870000 -1110000 0
-880000 -1110000 0
-900000 -1100000 0
-900000 -1100000 0
-890000 -1100000 0
-860000 -1070000 0
-860000 -1070000 0
-850000 -1060000 0
-840000 -1090000 0
-840000 -1090000 0
-850000 -1090000 0
-870000 -1100000 0
-880000 -1110000 0
-880000 -1130000 0
-880000 -1100000 0
-880000 -1100000 0
-830000 -1080000 0
-810000 -1090000 0
-790000 -1060000 0
-770000 -1060000 0
-760000 -1090000 0
-740000 -1090000 0
-760000 -1070000 0
-740000 -1070000 0
-780000 -1090000 0
-760000 -1070000 0
-760000 -1050000 0
-730000 -1060000 0
-720000 -1040000 0
-670000 -1020000 0
-670000 -1050000 0
-650000 -1070000 0
-660000 -1120000 0
-690000 -1130000 0
-720000 -1170000 0
-760000 -1200000 0
-790000 -1190000 0
-800000 -1220000 0
-820000 -1170000 0
-810000 -1160000 0
-800000 -1140000 0
-810000 -1110000 0
-800000 -1120000 0
-790000 -1120000 0
-800000 -1140000 0
-810000 -1130000 0
-840000 -1130000 0
-870000 -1140000 0
-900000 -1140000 0
-930000 -1100000 0
-950000 -1070000 0
-960000 -1070000 0
-950000 -1040000 0
-940000 -1020000 0
-920000 -1010000 0
-920000 -1030000 0
-920000 -1060000 0
-920000 -1050000 0
-940000 -1070000 0
-950000 -1080000 0
-960000 -1070000 0
-960000 -1080000 0
-970000 -1060000 0
-940000 -1060000 0
-930000 -1050000 0
-900000 -1020000 0
-900000 -1010000 0
-870000 -1040000 0
-890000 -1020000 0
-920000 -1060000 0
-980000 -1050000 0
-1020000 -1060000 0
-1020000 -1060000 0
-960000 -1050000 0
-830000 -1020000 0
-640000 -1030000 0
-380000 -1030000 0
-30000 -1110000 0
350000 -1230000 0
770000 -1390000 0
1170000 -1560000 0
1450000 -1730000 0
1510000 -1840000 0
1310000 -1890000 0
900000 -1830000 0
390000 -1700000 0
-130000 -1470000 0
-540000 -1230000 0
-810000 -1010000 0
-900000 -840000 0
-830000 -730000 0
-750000 -780000 0
-690000 -850000 0
-650000 -990000 0
-670000 -1110000 0
-690000 -1190000 0
-740000 -1210000 0
-780000 -1240000 0
-840000 -1160000 0
-860000 -1110000 0
-860000 -1090000 0
-860000 -1050000 0
-870000 -1050000 0
-860000 -1040000 0
-860000 -1070000 0
-880000 -1050000 0
-890000 -1070000 0
-920000 -1070000 0
-910000 -1090000 0
-930000 -1090000 0
-910000 -1060000 0
-900000 -1060000 0
-870000 -1060000 0
-860000 -1050000 0
-850000 -1020000 0
-840000 -1010000 0
-840000 -1000000 0
-840000 -1020000 0
-840000 -1040000 0
-850000 -1040000 0
-890000 -1060000 0
-880000 -1080000 0
-870000 -1030000 0
-880000 -1040000 0
-860000 -1050000 0
-850000 -1030000 0
-820000 -1000000 0
-840000 -1030000 0
-840000 -1040000 0
-800000 -1040000 0
-830000 -1050000 0
-850000 -1060000 0
-850000 -1090000 0
-860000 -1080000 0
-860000 -1080000 0
-870000 -1070000 0
-870000 -1070000 0
-830000 -1070000 0
-820000 -1050000 0
-790000 -1060000 0
-780000 -1080000 0
-760000 -1060000 0
-790000 -1090000 0
-800000 -1090000 0
-810000 -1120000 0
-830000 -1140000 0
-840000 -1120000 0
-810000 -1120000 0
-820000 -1100000 0
-800000 -1100000 0
-780000 -1100000 0
-780000 -1090000 0
-770000 -1090000 0
-760000 -1080000 0
-790000 -1110000 0
-800000 -1130000 0
-800000 -1170000 0
-810000 -1150000 0
-820000 -1150000 0
-790000 -1130000 0
-770000 -1120000 0
-750000 -1110000 0
-740000 -1120000 0
-720000 -1100000 0
-720000 -1130000 0
-720000 -1140000 0
-730000 -1150000 0
-740000 -1160000 0
-750000 -1190000 0
-770000 -1200000 0
-770000 -1180000 0
-770000 -1200000 0
-750000 -1180000 0
-730000 -1160000 0
-680000 -1150000 0
-650000 -1170000 0
-630000 -1170000 0
-620000 -1190000 0
-640000 -1210000 0
-630000 -1230000 0
-630000 -1260000 0
-630000 -1280000 0
-620000 -1270000 0
-590000 -1290000 0
-580000 -1260000 0
-570000 -1250000 0
-530000 -1250000 0
-520000 -1240000 0
-530000 -1230000 0
-510000 -1230000 0
-530000 -1270000 0
-570000 -1260000 0
-580000 -1280000 0
-610000 -1270000 0
-630000 -1250000 0
-660000 -1240000 0
-670000 -1230000 0
-670000 -1190000 0
-670000 -1180000 0
-650000 -1170000 0
-670000 -1170000 0
-670000 -1160000 0
-670000 -1160000 0
-690000 -1170000 0
-710000 -1170000 0
-750000 -1160000 0
-750000 -1140000 0
-760000 -1160000 0
-740000 -1120000 0
-750000 -1100000 0
-750000 -1080000 0
-750000 -1060000 0
-750000 -1080000 0
-720000 -1080000 0
-740000 -1070000 0
-760000 -1110000 0
-770000 -1110000 0
-770000 -1120000 0
-790000 -1100000 0
-790000 -1100000 0
-800000 -1090000 0
-790000 -1050000 0
-790000 -1050000 0
-770000 -1040000 0
-770000 -1040000 0
-770000 -1050000 0
-760000 -1070000 0
-760000 -1070000 0
-790000 -1080000 0
-790000 -1090000 0
-820000 -1110000 0
-820000 -1070000 0
-800000 -1070000 0
-780000 -1060000 0
-800000 -1030000 0
-810000 -1030000 0
-770000 -1050000 0
-770000 -1040000 0
-790000 -1060000 0
-830000 -1080000 0
-850000 -1110000 0
-850000 -1090000 0
-850000 -1090000 0
-840000 -1070000 0
-800000 -1050000 0
-810000 -1040000 0
-810000 -1020000 0
-790000 -1030000 0
-810000 -1030000 0
-790000 -1030000 0
-820000 -1040000 0
-830000 -1060000 0
-850000 -1070000 0
-840000 -1080000 0
-840000 -1060000 0
-820000 -1050000 0
-800000 -1050000 0
-780000 -1040000 0
-730000 -1000000 0
-710000 -1000000 0
-680000 -1030000 0
-690000 -1000000 0
-690000 -1030000 0
-700000 -1020000 0
-720000 -1030000 0
-720000 -1030000 0
-710000 -1010000 0
-660000 -1010000 0
-640000 -990000 0
-610000 -1010000 0
-600000 -1030000 0
-600000 -1030000 0
-620000 -1080000 0
-640000 -1130000 0
-670000 -1150000 0
-710000 -1150000 0
-710000 -1160000 0
-740000 -1170000 0
-740000 -1130000 0
-760000 -1140000 0
-760000 -1120000 0
-760000 -1100000 0
-750000 -1090000 0
-740000 -1060000 0
-750000 -1070000 0
-770000 -1090000 0
-780000 -1080000 0
-830000 -1080000 0
-870000 -1080000 0
-900000 -1070000 0
-910000 -1060000 0
-920000 -1050000 0
-900000 -1040000 0
-880000 -1010000 0
-870000 -1000000 0
-860000 -1000000 0
-860000 -1020000 0
-850000 -1030000 0
-850000 -1030000 0
-870000 -1040000 0
-880000 -1070000 0
-890000 -1060000 0
-900000 -1060000 0
-900000 -1050000 0
-870000 -1040000 0
-890000 -1030000 0
-880000 -990000 0
-880000 -1010000 0
-930000 -1020000 0
-980000 -1030000 0
-1000000 -1040000 0
-970000 -1040000 0
-890000 -1020000 0
-700000 -1020000 0
-440000 -1020000 0
-90000 -1080000 0
330000 -1150000 0
760000 -1270000 0
1200000 -1400000 0
1570000 -1560000 0
1710000 -1670000 0
1560000 -1700000 0
1180000 -1700000 0
660000 -1580000 0
80000 -1390000 0
-370000 -1180000 0
-690000 -980000 0
-840000 -790000 0
-830000 -710000 0
-750000 -690000 0
-690000 -780000 0
-630000 -880000 0
-620000 -1000000 0
-630000 -1090000 0
-670000 -1160000 0
-720000 -1180000 0
-780000 -1150000 0
-830000 -1130000 0
-850000 -1080000 0
-860000 -1080000 0
-860000 -1070000 0
-840000 -1050000 0
-840000 -1020000 0
-820000 -1030000 0
-820000 -1030000 0
-830000 -1040000 0
-820000 -1010000 0
-830000 -1050000 0
-840000 -1030000 0
-850000 -1050000 0
-850000 -1040000 0
-850000 -1040000 0
-840000 -1020000 0
-830000 -1030000 0
-840000 -990000 0
-830000 -1010000 0
-810000 -990000 0
-810000 -1010000 0
-810000 -1030000 0
-810000 -1030000 0
-830000 -1060000 0
-850000 -1080000 0
-860000 -1050000 0
-860000 -1050000 0
-870000 -1040000 0
-840000 -1050000 0
-830000 -1030000 0
-800000 -1030000 0
-820000 -1050000 0
-810000 -1040000 0
-810000 -1060000 0
-810000 -1070000 0
-820000 -1090000 0
-820000 -1100000 0
-800000 -1080000 0
-820000 -1090000 0
-800000 -1080000 0
-810000 -1070000 0
-780000 -1060000 0
-760000 -1060000 0
-760000 -1050000 0
-750000 -1080000 0
-740000 -1090000 0
-770000 -1110000 0
-790000 -1120000 0
-790000 -1130000 0
-820000 -1140000 0
-830000 -1140000 0
-820000 -1090000 0
-830000 -1100000 0
-830000 -1080000 0
-820000 -1080000 0
-810000 -1110000 0
-780000 -1100000 0
-810000 -1130000 0
-800000 -1140000 0
-800000 -1160000 0
-810000 -1170000 0
-830000 -1170000 0
-820000 -1170000 0
-820000 -1180000 0
-820000 -1140000 0
-790000 -1160000 0
-770000 -1150000 0
-780000 -1160000 0
-770000 -1160000 0
-770000 -1200000 0
-780000 -1180000 0
-780000 -1220000 0
-780000 -1220000 0
-800000 -1200000 0
-790000 -1210000 0
-770000 -1190000 0
-740000 -1180000 0
-730000 -1170000 0
-700000 -1150000 0
-700000 -1180000 0
-680000 -1170000 0
-680000 -1220000 0
-660000 -1240000 0
-660000 -1240000 0
-650000 -1260000 0
-670000 -1250000 0
-670000 -1240000 0
-630000 -1240000 0
-620000 -1230000 0
-590000 -1220000 0
-610000 -1210000 0
-610000 -1220000 0
-600000 -1210000 0
-610000 -1220000 0
-640000 -1230000 0
-630000 -1230000 0
-650000 -1240000 0
-660000 -1210000 0
-700000 -1210000 0
-700000 -1180000 0
-680000 -1170000 0
-700000 -1150000 0
-680000 -1140000 0
-690000 -1150000 0
-690000 -1120000 0
-700000 -1150000 0
-740000 -1160000 0
-740000 -1150000 0
-770000 -1140000 0
-760000 -1140000 0
-750000 -1110000 0
-770000 -1100000 0
-740000 -1090000 0
-740000 -1060000 0
-730000 -1060000 0
-730000 -1060000 0
-740000 -1060000 0
-760000 -1080000 0
-800000 -1090000 0
-790000 -1110000 0
-810000 -1090000 0
-810000 -1080000 0
-820000 -1070000 0
-810000 -1040000 0
-790000 -1040000 0
-800000 -1030000 0
-770000 -1030000 0
-780000 -1040000 0
-770000 -1030000 0
-760000 -1040000 0
-780000 -1070000 0
-800000 -1080000 0
-790000 -1080000 0
-810000 -1060000 0
-830000 -1050000 0
-820000 -1050000 0
-810000 -1030000 0
-810000 -1030000 0
-790000 -1030000 0
-800000 -1010000 0
-820000 -1030000 0
-830000 -1020000 0
-830000 -1030000 0
-850000 -1030000 0
-840000 -1060000 0
-860000 -1060000 0
-870000 -1030000 0
-870000 -1020000 0
-870000 -1010000 0
-840000 -990000 0
-840000 -1000000 0
-840000 -1020000 0
-830000 -1020000 0
-840000 -1020000 0
-850000 -1020000 0
-870000 -1040000 0
-890000 -1040000 0
-910000 -1040000 0
-870000 -1030000 0
-860000 -990000 0
-830000 -970000 0
-800000 -980000 0
-780000 -970000 0
-760000 -980000 0
-730000 -980000 0
-740000 -990000 0
-760000 -960000 0
-780000 -1000000 0
-780000 -960000 0
-770000 -960000 0
-800000 -940000 0
-740000 -940000 0
-690000 -920000 0
-670000 -910000 0
-640000 -950000 0
-640000 -990000 0
-680000 -1000000 0
-700000 -1040000 0
-730000 -1080000 0
-770000 -1110000 0
-780000 -1110000 0
-800000 -1100000 0
-790000 -1070000 0
-780000 -1080000 0
-790000 -1020000 0
-790000 -1030000 0
-790000 -1010000 0
-780000 -1010000 0
-800000 -1030000 0
-830000 -1010000 0
-890000 -1040000 0
-900000 -1040000 0
-910000 -1030000 0
-930000 -1010000 0
-940000 -1010000 0
-950000 -980000 0
-930000 -960000 0
-910000 -970000 0
-870000 -960000 0
-890000 -960000 0
-860000 -970000 0
-880000 -980000 0
-900000 -1020000 0
-920000 -1020000 0
-920000 -1020000 0
-930000 -1020000 0
-950000 -1010000 0
-920000 -990000 0
-940000 -990000 0
-930000 -980000 0
-960000 -970000 0
-1000000 -980000 0
-1010000 -970000 0
-970000 -950000 0
-890000 -970000 0
-730000 -970000 0
-470000 -1000000 0
-150000 -1050000 0
250000 -1130000 0
710000 -1240000 0
1130000 -1360000 0
1430000 -1490000 0
1580000 -1570000 0
1450000 -1610000 0
1060000 -1550000 0
500000 -1460000 0
-70000 -1290000 0
-560000 -1110000 0
-850000 -930000 0
-980000 -780000 0
-960000 -710000 0
-840000 -720000 0
-760000 -800000 0
-710000 -910000 0
-670000 -990000 0
-680000 -1050000 0
-690000 -1100000 0
-730000 -1120000 0
-780000 -1120000 0
-810000 -1090000 0
-850000 -1060000 0
-890000 -1040000 0
-880000 -1010000 0
-870000 -1030000 0
-840000 -1000000 0
-840000 -980000 0
-830000 -990000 0
-840000 -990000 0
-830000 -1000000 0
-840000 -1000000 0
-840000 -1020000 0
-880000 -1020000 0
-870000 -1030000 0
-880000 -1020000 0
-870000 -1000000 0
-870000 -990000 0
-870000 -1000000 0
-830000 -960000 0
-810000 -970000 0
-810000 -990000 0
-810000 -970000 0
-810000 -1010000 0
-810000 -1030000 0
-850000 -1030000 0
-850000 -1050000 0
-840000 -1040000 0
-840000 -1020000 0
-820000 -1030000 0
-820000 -1010000 0
-800000 -970000 0
-780000 -1010000 0
-780000 -1000000 0
-770000 -1020000 0
-780000 -1020000 0
-790000 -1040000 0
-810000 -1050000 0
-820000 -1090000 0
-830000 -1050000 0
-800000 -1050000 0
-800000 -1040000 0
-800000 -1020000 0
-770000 -1010000 0
-760000 -1000000 0
-760000 -1020000 0
-750000 -1040000 0
-760000 -1040000 0
-760000 -1070000 0
-790000 -1090000 0
-790000 -1090000 0
-800000 -1100000 0
-800000 -1090000 0
-800000 -1060000 0
-800000 -1080000 0
-780000 -1030000 0
-780000 -1040000 0
-790000 -1060000 0
-770000 -1070000 0
-780000 -1090000 0
-790000 -1100000 0
-820000 -1110000 0
-800000 -1100000 0
-820000 -1120000 0
-820000 -1120000 0
-800000 -1110000 0
-800000 -1100000 0
-770000 -1090000 0
-760000 -1060000 0
-730000 -1080000 0
-740000 -1070000 0
-750000 -1100000 0
-770000 -1130000 0
-750000 -1140000 0
-760000 -1140000 0
-750000 -1140000 0
-760000 -1140000 0
-750000 -1110000 0
-710000 -1100000 0
-680000 -1090000 0
-680000 -1110000 0
-650000 -1120000 0
-630000 -1130000 0
-620000 -1140000 0
-630000 -1160000 0
-640000 -1180000 0
-640000 -1190000 0
-630000 -1190000 0
-620000 -1180000 0
-610000 -1180000 0
-600000 -1140000 0
-590000 -1160000 0
-570000 -1120000 0
-560000 -1130000 0
-580000 -1150000 0
-580000 -1160000 0
-600000 -1180000 0
-630000 -1180000 0
-650000 -1180000 0
-680000 -1170000 0
-680000 -1160000 0
-670000 -1130000 0
-680000 -1100000 0
-670000 -1090000 0
-660000 -1060000 0
-660000 -1060000 0
-690000 -1060000 0
-690000 -1070000 0
-720000 -1080000 0
-730000 -1090000 0
-750000 -1100000 0
-760000 -1100000 0
-770000 -1090000 0
-760000 -1050000 0
-760000 -1050000 0
-760000 -1030000 0
-720000 -1000000 0
-730000 -1020000 0
-740000 -1030000 0
-760000 -1060000 0
-770000 -1050000 0
-760000 -1070000 0
-770000 -1090000 0
-790000 -1060000 0
-800000 -1050000 0
-780000 -1030000 0
-760000 -1040000 0
-770000 -990000 0
-740000 -980000 0
-750000 -1010000 0
-750000 -1000000 0
-760000 -1030000 0
-780000 -1040000 0
-790000 -1050000 0
-790000 -1050000 0
-800000 -1050000 0
-800000 -1050000 0
-800000 -1010000 0
-790000 -1010000 0
-780000 -990000 0
-750000 -960000 0
-760000 -970000 0
-740000 -1000000 0
-760000 -1010000 0
-770000 -1010000 0
-780000 -1020000 0
-800000 -1050000 0
-810000 -1020000 0
-820000 -1040000 0
-820000 -1020000 0
-790000 -980000 0
-790000 -990000 0
-750000 -980000 0
-760000 -970000 0
-770000 -1000000 0
-770000 -1000000 0
-790000 -1010000 0
-790000 -1010000 0
-800000 -1020000 0
-810000 -1020000 0
-770000 -990000 0
-770000 -970000 0
-740000 -970000 0
-710000 -960000 0
-680000 -950000 0
-670000 -940000 0
-660000 -920000 0
-650000 -940000 0
-690000 -970000 0
-680000 -980000 0
-680000 -970000 0
-700000 -970000 0
-690000 -940000 0
-640000 -920000 0
-610000 -930000 0
-590000 -930000 0
-570000 -970000 0
-590000 -980000 0
-590000 -1030000 0
-640000 -1060000 0
-700000 -1070000 0
-720000 -1120000 0
-740000 -1120000 0
-730000 -1110000 0
-740000 -1090000 0
-740000 -1100000 0
-740000 -1050000 0
-740000 -1040000 0
-710000 -1030000 0
-730000 -1030000 0
-750000 -1050000 0
-760000 -1040000 0
-770000 -1050000 0
-810000 -1050000 0
-860000 -1040000 0
-880000 -1030000 0
-900000 -1010000 0
-880000 -980000 0
-870000 -950000 0
-870000 -960000 0
-840000 -940000 0
-840000 -940000 0
-830000 -960000 0
-840000 -980000 0
-830000 -1000000 0
-850000 -1000000 0
-860000 -1000000 0
-860000 -990000 0
-860000 -1010000 0
-860000 -1010000 0
-840000 -980000 0
-840000 -970000 0
-820000 -940000 0
-830000 -960000 0
-860000 -970000 0
-920000 -950000 0
-960000 -980000 0
-940000 -970000 0
-860000 -950000 0
-720000 -930000 0
-490000 -950000 0
-190000 -990000 0
150000 -1080000 0
570000 -1190000 0
970000 -1350000 0
1320000 -1480000 0
1540000 -1560000 0
1490000 -1620000 0
1170000 -1610000 0
690000 -1580000 0
140000 -1450000 0
-360000 -1260000 0
-720000 -1080000 0
-860000 -900000 0
-820000 -800000 0
-720000 -810000 0
-600000 -890000 0
-550000 -980000 0
-510000 -1080000 0
-540000 -1150000 0
-610000 -1150000 0
-670000 -1130000 0
-730000 -1120000 0
-780000 -1080000 0
-810000 -1040000 0
-810000 -1030000 0
-800000 -1010000 0
-770000 -990000 0
-780000 -1010000 0
-770000 -1000000 0
-780000 -980000 0
-780000 -1010000 0
-810000 -1030000 0
-810000 -1020000 0
-820000 -1020000 0
-820000 -1030000 0
-820000 -1020000 0
-810000 -1010000 0
-800000 -990000 0
-780000 -990000 0
-780000 -970000 0
-780000 -980000 0
-780000 -960000 0
-770000 -1000000 0
-790000 -1000000 0
-790000 -1000000 0
-800000 -1030000 0
-790000 -1020000 0
-800000 -1020000 0
-780000 -1000000 0
-780000 -990000 0
-760000 -980000 0
-740000 -960000 0
-730000 -980000 0
-720000 -1010000 0
-730000 -990000 0
-740000 -1020000 0
-760000 -1040000 0
-760000 -1050000 0
-770000 -1040000 0
-770000 -1040000 0
-770000 -1010000 0
-750000 -1010000 0
-740000 -1010000 0
-710000 -1010000 0
-700000 -1000000 0
-710000 -1000000 0
-710000 -1020000 0
-720000 -1040000 0
-720000 -1070000 0
-740000 -1080000 0
-740000 -1050000 0
-770000 -1060000 0
-740000 -1050000 0
-730000 -1060000 0
-720000 -1030000 0
-710000 -1030000 0
-720000 -1040000 0
-700000 -1030000 0
-700000 -1050000 0
-720000 -1060000 0
-740000 -1090000 0
-760000 -1100000 0
-740000 -1100000 0
-750000 -1100000 0
-720000 -1080000 0
-710000 -1080000 0
-710000 -1080000 0
-690000 -1050000 0
-690000 -1050000 0
-690000 -1060000 0
-680000 -1080000 0
-700000 -1120000 0
-700000 -1110000 0
-700000 -1110000 0
-710000 -1140000 0
-720000 -1120000 0
-690000 -1120000 0
-670000 -1090000 0
-650000 -1080000 0
-630000 -1080000 0
-610000 -1090000 0
-570000 -1100000 0
-580000 -1090000 0
-570000 -1140000 0
-570000 -1170000 0
-580000 -1160000 0
-580000 -1180000 0
-590000 -1170000 0
-560000 -1160000 0
-550000 -1140000 0
-520000 -1160000 0
-520000 -1120000 0
-510000 -1130000 0
-520000 -1140000 0
-520000 -1170000 0
-540000 -1160000 0
-560000 -1180000 0
-580000 -1160000 0
-610000 -1160000 0
-620000 -1130000 0
-610000 -1120000 0
-620000 -1110000 0
-620000 -1110000 0
-620000 -1080000 0
-640000 -1080000 0
-640000 -1080000 0
-640000 -1070000 0
-670000 -1100000 0
-690000 -1070000 0
-730000 -1090000 0
-730000 -1080000 0
-740000 -1050000 0
-720000 -1020000 0
-730000 -1030000 0
-720000 -1010000 0
-700000 -1000000 0
-710000 -1000000 0
-700000 -1010000 0
-730000 -1010000 0
-730000 -1030000 0
-740000 -1040000 0
-760000 -1040000 0
-770000 -1030000 0
-780000 -1030000 0
-780000 -1000000 0
-740000 -980000 0
-740000 -980000 0
-730000 -960000 0
-730000 -980000 0
-730000 -990000 0
-730000 -990000 0
-730000 -1010000 0
-780000 -1030000 0
-790000 -1020000 0
-790000 -1020000 0
-790000 -1010000 0
-780000 -1010000 0
-790000 -990000 0
-790000 -980000 0
-780000 -960000 0
-780000 -970000 0
-760000 -970000 0
-770000 -990000 0
-790000 -990000 0
-800000 -1000000 0
-820000 -1020000 0
-850000 -990000 0
-840000 -1000000 0
-850000 -980000 0
-820000 -960000 0
-820000 -960000 0
-800000 -930000 0
-800000 -970000 0
-790000 -950000 0
-810000 -960000 0
-820000 -970000 0
-830000 -1000000 0
-830000 -1000000 0
-860000 -1010000 0
-850000 -1000000 0
-860000 -980000 0
-830000 -960000 0
-830000 -940000 0
-830000 -920000 0
-820000 -920000 0
-810000 -960000 0
-800000 -970000 0
-820000 -970000 0
-790000 -980000 0
-780000 -1000000 0
-790000 -990000 0
-760000 -990000 0
-750000 -960000 0
-720000 -950000 0
-730000 -940000 0
-700000 -920000 0
-690000 -920000 0
-680000 -910000 0
-680000 -900000 0
-660000 -920000 0
-650000 -950000 0
-640000 -970000 0
-630000 -980000 0
-660000 -990000 0
-660000 -990000 0
-660000 -1030000 0
-690000 -1010000 0
-720000 -1030000 0
-730000 -1020000 0
-720000 -1040000 0
-730000 -1050000 0
-760000 -1040000 0
-770000 -1060000 0
-780000 -1070000 0
-800000 -1080000 0
-810000 -1050000 0
-810000 -1050000 0
-780000 -1030000 0
-810000 -1010000 0
-840000 -1000000 0
-860000 -990000 0
-880000 -960000 0
-880000 -940000 0
-900000 -960000 0
-930000 -970000 0
-920000 -1000000 0
-910000 -980000 0
-920000 -990000 0
-880000 -960000 0
-870000 -950000 0
-870000 -940000 0
-870000 -950000 0
-860000 -930000 0
-870000 -960000 0
-870000 -950000 0
-890000 -980000 0
-890000 -970000 0
-900000 -990000 0
-910000 -980000 0
-920000 -970000 0
-910000 -950000 0
-930000 -950000 0
-950000 -920000 0
-970000 -940000 0
-970000 -890000 0
-920000 -870000 0
-800000 -890000 0
-640000 -900000 0
-420000 -950000 0
-140000 -1020000 0
230000 -1120000 0
610000 -1260000 0
970000 -1370000 0
1290000 -1530000 0
1460000 -1630000 0
1360000 -1650000 0
1050000 -1630000 0
580000 -1540000 0
20000 -1380000 0
-450000 -1210000 0
-780000 -1060000 0
-900000 -860000 0
-890000 -770000 0
-810000 -740000 0
-680000 -840000 0
-610000 -940000 0
-600000 -1020000 0
-610000 -1060000 0
-640000 -1090000 0
-700000 -1090000 0
-750000 -1050000 0
-800000 -1030000 0
-850000 -1020000 0
-880000 -1020000 0
-880000 -1020000 0
-890000 -990000 0
-870000 -990000 0
-840000 -960000 0
-820000 -950000 0
-830000 -940000 0
-810000 -950000 0
-800000 -930000 0
-830000 -950000 0
-820000 -940000 0
-830000 -970000 0
-850000 -990000 0
-860000 -990000 0
-860000 -970000 0
-840000 -950000 0
-830000 -950000 0
-820000 -930000 0
-810000 -930000 0
-800000 -930000 0
-780000 -950000 0
-770000 -960000 0
-790000 -970000 0
-810000 -1000000 0
-820000 -990000 0
-830000 -1000000 0
-810000 -980000 0
-820000 -980000 0
-790000 -960000 0
-780000 -940000 0
-770000 -960000 0
-750000 -960000 0
-760000 -960000 0
-760000 -970000 0
-770000 -990000 0
-770000 -1020000 0
-780000 -1030000 0
-790000 -1030000 0
-780000 -1010000 0
-780000 -990000 0
-790000 -1000000 0
-750000 -970000 0
-750000 -970000 0
-740000 -970000 0
-730000 -1000000 0
-730000 -1010000 0
-760000 -1020000 0
-760000 -1040000 0
-780000 -1040000 0
-770000 -1030000 0
-770000 -1040000 0
-760000 -1020000 0
-760000 -1010000 0
-750000 -1010000 0
-740000 -990000 0
-720000 -1010000 0
-720000 -1010000 0
-730000 -1020000 0
-740000 -1060000 0
-750000 -1060000 0
-740000 -1070000 0
-760000 -1090000 0
-770000 -1070000 0
-740000 -1050000 0
-750000 -1050000 0
-720000 -1050000 0
-730000 -1040000 0
-720000 -1050000 0
-700000 -1060000 0
-700000 -1070000 0
-700000 -1080000 0
-700000 -1100000 0
-720000 -1090000 0
-720000 -1100000 0
-700000 -1080000 0
-680000 -1110000 0
-670000 -1090000 0
-650000 -1070000 0
-620000 -1080000 0
-610000 -1090000 0
-600000 -1090000 0
-570000 -1110000 0
-570000 -1140000 0
-570000 -1150000 0
-580000 -1180000 0
-590000 -1180000 0
-600000 -1180000 0
-600000 -1160000 0
-590000 -1160000 0
-580000 -1130000 0
-570000 -1140000 0
-560000 -1120000 0
-570000 -1120000 0
-570000 -1110000 0
-580000 -1130000 0
-620000 -1140000 0
-620000 -1130000 0
-670000 -1160000 0
-680000 -1110000 0
-690000 -1080000 0
-690000 -1060000 0
-670000 -1060000 0
-690000 -1030000 0
-680000 -1010000 0
-690000 -1020000 0
-680000 -1020000 0
-700000 -1030000 0
-740000 -1050000 0
-750000 -1050000 0
-750000 -1030000 0
-790000 -1040000 0
-790000 -1020000 0
-750000 -1020000 0
-740000 -990000 0
-730000 -970000 0
-720000 -990000 0
-730000 -990000 0
-720000 -1000000 0
-740000 -1010000 0
-760000 -1020000 0
-770000 -1030000 0
-780000 -1010000 0
-780000 -1000000 0
-770000 -1000000 0
-780000 -990000 0
-760000 -970000 0
-760000 -960000 0
-750000 -950000 0
-740000 -940000 0
-750000 -960000 0
-760000 -960000 0
-790000 -980000 0
-800000 -1000000 0
-830000 -1000000 0
-820000 -1010000 0
-820000 -980000 0
-840000 -970000 0
-830000 -980000 0
-830000 -970000 0
-810000 -970000 0
-810000 -940000 0
-820000 -980000 0
-820000 -980000 0
-830000 -1000000 0
-820000 -1000000 0
-840000 -1000000 0
-850000 -1010000 0
-850000 -980000 0
-840000 -960000 0
-830000 -960000 0
-800000 -940000 0
-790000 -920000 0
-770000 -950000 0
-780000 -970000 0
-790000 -980000 0
-800000 -970000 0
-800000 -990000 0
-770000 -980000 0
-770000 -970000 0
-760000 -960000 0
-720000 -950000 0
-710000 -930000 0
-690000 -900000 0
-670000 -900000 0
-670000 -900000 0
-660000 -900000 0
-660000 -900000 0
-660000 -930000 0
-620000 -920000 0
-610000 -950000 0
-600000 -960000 0
-610000 -980000 0
-620000 -990000 0
-660000 -1010000 0
-680000 -1010000 0
-690000 -1050000 0
-700000 -1050000 0
-720000 -1040000 0
-720000 -1050000 0
-730000 -1060000 0
-740000 -1060000 0
-760000 -1050000 0
-770000 -1040000 0
-760000 -1020000 0
-770000 -1020000 0
-780000 -1000000 0
-780000 -950000 0
-830000 -950000 0
-830000 -940000 0
-880000 -950000 0
-870000 -960000 0
-890000 -940000 0
-890000 -960000 0
-880000 -970000 0
-880000 -950000 0
-870000 -960000 0
-860000 -940000 0
-840000 -940000 0
-840000 -920000 0
-820000 -930000 0
-830000 -960000 0
-840000 -930000 0
-860000 -940000 0
-870000 -970000 0
-880000 -980000 0
-890000 -960000 0
-920000 -990000 0
-940000 -990000 0
-970000 -950000 0
-970000 -950000 0
-930000 -890000 0
-810000 -890000 0
-630000 -880000 0
-380000 -910000 0
-90000 -960000 0
280000 -1100000 0
690000 -1240000 0
1110000 -1410000 0
1460000 -1540000 0
1630000 -1670000 0
1550000 -1730000 0
1210000 -1680000 0
730000 -1540000 0
190000 -1370000 0
-290000 -1180000 0
-620000 -950000 0
-810000 -790000 0
-830000 -690000 0
-790000 -690000 0
-710000 -750000 0
-660000 -860000 0
-650000 -950000 0
-640000 -1050000 0
-650000 -1090000 0
-680000 -1050000 0
-700000 -1020000 0
-740000 -1000000 0
-760000 -980000 0
-780000 -1000000 0
-810000 -1010000 0
-830000 -1000000 0
-840000 -1000000 0
-860000 -970000 0
-860000 -970000 0
-850000 -960000 0
-840000 -950000 0
-830000 -920000 0
-820000 -900000 0
-820000 -910000 0
-820000 -900000 0
-830000 -930000 0
-830000 -950000 0
-840000 -950000 0
-850000 -960000 0
-860000 -950000 0
-860000 -930000 0
-860000 -920000 0
-840000 -920000 0
-830000 -890000 0
-790000 -920000 0
-790000 -920000 0
-790000 -940000 0
-790000 -950000 0
-820000 -970000 0
-810000 -960000 0
-830000 -950000 0
-850000 -980000 0
-840000 -950000 0
-810000 -950000 0
-800000 -940000 0
-770000 -940000 0
-770000 -920000 0
-770000 -940000 0
-790000 -960000 0
-780000 -970000 0
-810000 -960000 0
-800000 -990000 0
-800000 -990000 0
-800000 -970000 0
-780000 -980000 0
-790000 -980000 0
-790000 -970000 0
-770000 -930000 0
-780000 -960000 0
-770000 -960000 0
-780000 -970000 0
-780000 -980000 0
-780000 -1010000 0
-800000 -1030000 0
-780000 -1020000 0
-800000 -1010000 0
-790000 -1000000 0
-780000 -980000 0
-760000 -960000 0
-750000 -940000 0
-730000 -960000 0
-740000 -970000 0
-750000 -980000 0
-760000 -1010000 0
-770000 -1020000 0
-760000 -1050000 0
-780000 -1040000 0
-770000 -1030000 0
-780000 -1020000 0
-770000 -1020000 0
-750000 -1010000 0
-750000 -1000000 0
-760000 -1000000 0
-740000 -1010000 0
-730000 -1030000 0
-710000 -1030000 0
-710000 -1060000 0
-720000 -1080000 0
-710000 -1080000 0
-730000 -1070000 0
-690000 -1060000 0
-670000 -1050000 0
-640000 -1040000 0
-600000 -1030000 0
-600000 -1050000 0
-570000 -1060000 0
-570000 -1100000 0
-580000 -1110000 0
-570000 -1140000 0
-570000 -1130000 0
-590000 -1140000 0
-590000 -1120000 0
-580000 -1120000 0
-570000 -1110000 0
-580000 -1100000 0
-560000 -1080000 0
-560000 -1080000 0
-540000 -1080000 0
-580000 -1100000 0
-610000 -1110000 0
-630000 -1110000 0
-660000 -1100000 0
-670000 -1100000 0
-710000 -1080000 0
-730000 -1060000 0
-730000 -1040000 0
-730000 -1030000 0
-720000 -980000 0
-710000 -990000 0
-690000 -980000 0
-680000 -990000 0
-690000 -990000 0
-730000 -1000000 0
-760000 -980000 0
-760000 -970000 0
-780000 -980000 0
-790000 -970000 0
-780000 -950000 0
-760000 -930000 0
-750000 -910000 0
-730000 -930000 0
-730000 -930000 0
-730000 -930000 0
-750000 -950000 0
-780000 -970000 0
-800000 -970000 0
-820000 -960000 0
-810000 -940000 0
-810000 -950000 0
-800000 -920000 0
-790000 -920000 0
-770000 -880000 0
-760000 -900000 0
-750000 -900000 0
-760000 -890000 0
-780000 -930000 0
-790000 -940000 0
-820000 -940000 0
-810000 -940000 0
-830000 -930000 0
-810000 -930000 0
-800000 -910000 0
-800000 -910000 0
-800000 -880000 0
-790000 -890000 0
-810000 -890000 0
-830000 -910000 0
-820000 -890000 0
-850000 -920000 0
-840000 -930000 0
-860000 -940000 0
-860000 -920000 0
-870000 -910000 0
-870000 -890000 0
-830000 -870000 0
-830000 -870000 0
-810000 -860000 0
-820000 -890000 0
-800000 -890000 0
-840000 -900000 0
-850000 -890000 0
-850000 -920000 0
-860000 -900000 0
-840000 -900000 0
-820000 -890000 0
-810000 -860000 0
-790000 -850000 0
-760000 -840000 0
-740000 -820000 0
-730000 -830000 0
-710000 -820000 0
-720000 -820000 0
-740000 -850000 0
-760000 -860000 0
-730000 -850000 0
-720000 -830000 0
-670000 -850000 0
-630000 -830000 0
-620000 -840000 0
-630000 -860000 0
-650000 -890000 0
-700000 -920000 0
-740000 -940000 0
-740000 -950000 0
-770000 -990000 0
-780000 -970000 0
-770000 -980000 0
-790000 -940000 0
-780000 -930000 0
-780000 -920000 0
-770000 -910000 0
-750000 -890000 0
-770000 -900000 0
-780000 -880000 0
-820000 -920000 0
-860000 -900000 0
-920000 -920000 0
-920000 -930000 0
-940000 -890000 0
-940000 -880000 0
-930000 -890000 0
-900000 -840000 0
-870000 -850000 0
-870000 -840000 0
-850000 -840000 0
-850000 -840000 0
-860000 -850000 0
-880000 -860000 0
-890000 -870000 0
-910000 -880000 0
-910000 -880000 0
-920000 -890000 0
-910000 -870000 0
-900000 -860000 0
-920000 -850000 0
-910000 -850000 0
-950000 -830000 0
-970000 -850000 0
-960000 -820000 0
-870000 -840000 0
-730000 -830000 0
-520000 -850000 0
-210000 -900000 0
180000 -970000 0
620000 -1080000 0
1080000 -1210000 0
1500000 -1360000 0
1750000 -1460000 0
1680000 -1510000 0
1350000 -1530000 0
800000 -1420000 0
190000 -1250000 0
-350000 -1030000 0
-730000 -840000 0
-900000 -670000 0
-910000 -570000 0
-840000 -550000 0
-740000 -600000 0
-680000 -710000 0
-650000 -800000 0
-650000 -900000 0
-670000 -970000 0
-700000 -980000 0
-750000 -970000 0
-810000 -950000 0
-830000 -930000 0
-860000 -910000 0
-850000 -880000 0
-870000 -870000 0
-890000 -860000 0
-850000 -840000 0
-840000 -830000 0
-840000 -830000 0
-830000 -810000 0
-820000 -840000 0
-820000 -860000 0
-820000 -870000 0
-850000 -880000 0
-890000 -880000 0
-890000 -890000 0
-890000 -880000 0
-870000 -860000 0
-840000 -830000 0
-820000 -840000 0
-810000 -840000 0
-790000 -840000 0
-780000 -840000 0
-810000 -860000 0
-810000 -900000 0
-820000 -900000 0
-830000 -900000 0
-850000 -880000 0
-850000 -890000 0
-850000 -880000 0
-850000 -860000 0
-830000 -860000 0
-800000 -850000 0
-790000 -870000 0
-790000 -870000 0
-780000 -900000 0
-790000 -910000 0
-800000 -920000 0
-810000 -950000 0
-830000 -940000 0
-820000 -920000 0
-800000 -910000 0
-770000 -890000 0
-780000 -870000 0
-790000 -900000 0
-790000 -890000 0
-810000 -920000 0
-820000 -930000 0
-820000 -960000 0
-820000 -980000 0
-810000 -960000 0
-810000 -970000 0
-790000 -960000 0
-790000 -950000 0
-800000 -920000 0
-780000 -930000 0
-810000 -920000 0
-800000 -960000 0
-790000 -950000 0
-790000 -970000 0
-780000 -1000000 0
-780000 -1000000 0
-780000 -1020000 0
-790000 -990000 0
-790000 -1000000 0
-780000 -980000 0
-770000 -970000 0
-760000 -990000 0
-750000 -970000 0
-740000 -990000 0
-740000 -1010000 0
-730000 -1030000 0
-730000 -1040000 0
-720000 -1020000 0
-710000 -1060000 0
-700000 -1050000 0
-690000 -1040000 0
-660000 -1040000 0
-620000 -1030000 0
-610000 -1010000 0
-610000 -1000000 0
-570000 -1050000 0
-570000 -1030000 0
-580000 -1050000 0
-580000 -1070000 0
-590000 -1080000 0
-590000 -1100000 0
-620000 -1060000 0
-630000 -1040000 0
-620000 -1040000 0
-620000 -1030000 0
-630000 -1000000 0
-630000 -1000000 0
-610000 -990000 0
-640000 -980000 0
-660000 -990000 0
-700000 -1000000 0
-700000 -1010000 0
-720000 -1000000 0
-750000 -970000 0
-750000 -970000 0
-750000 -960000 0
-750000 -920000 0
-760000 -910000 0
-740000 -880000 0
-740000 -890000 0
-750000 -890000 0
-760000 -920000 0
-770000 -930000 0
-820000 -950000 0
-840000 -940000 0
-830000 -940000 0
-810000 -920000 0
-820000 -900000 0
-810000 -910000 0
-790000 -870000 0
-780000 -860000 0
-780000 -860000 0
-790000 -850000 0
-800000 -880000 0
-800000 -890000 0
-840000 -900000 0
-840000 -900000 0
-860000 -910000 0
-850000 -880000 0
-860000 -870000 0
-850000 -840000 0
-850000 -860000 0
-830000 -870000 0
-830000 -870000 0
-830000 -860000 0
-840000 -900000 0
-850000 -890000 0
-850000 -910000 0
-850000 -900000 0
-860000 -900000 0
-870000 -900000 0
-860000 -860000 0
-850000 -870000 0
-850000 -840000 0
-850000 -860000 0
-840000 -840000 0
-830000 -860000 0
-840000 -870000 0
-850000 -880000 0
-880000 -890000 0
-890000 -910000 0
-920000 -880000 0
-920000 -860000 0
-890000 -860000 0
-870000 -850000 0
-850000 -840000 0
-840000 -810000 0
-840000 -830000 0
-830000 -850000 0
-810000 -850000 0
-820000 -890000 0
-810000 -890000 0
-790000 -890000 0
-790000 -860000 0
-790000 -840000 0
-780000 -820000 0
-770000 -790000 0
-760000 -790000 0
-740000 -780000 0
-720000 -780000 0
-710000 -770000 0
-710000 -810000 0
-690000 -830000 0
-680000 -860000 0
-710000 -900000 0
-740000 -910000 0
-770000 -900000 0
-790000 -930000 0
-770000 -940000 0
-770000 -910000 0
-750000 -920000 0
-760000 -920000 0
-770000 -910000 0
-800000 -900000 0
-810000 -920000 0
-810000 -920000 0
-820000 -950000 0
-860000 -930000 0
-870000 -930000 0
-880000 -900000 0
-890000 -880000 0
-910000 -840000 0
-910000 -840000 0
-900000 -830000 0
-900000 -850000 0
-920000 -840000 0
-930000 -850000 0
-940000 -870000 0
-940000 -880000 0
-960000 -860000 0
-950000 -870000 0
-930000 -840000 0
-930000 -830000 0
-910000 -800000 0
-920000 -820000 0
-900000 -820000 0
-880000 -830000 0
-870000 -830000 0
-890000 -850000 0
-910000 -850000 0
-930000 -870000 0
-970000 -860000 0
-1020000 -850000 0
-1060000 -850000 0
-1070000 -800000 0
-970000 -780000 0
-860000 -750000 0
-650000 -760000 0
-380000 -800000 0
-40000 -880000 0
320000 -960000 0
720000 -1090000 0
1110000 -1240000 0
1410000 -1360000 0
1530000 -1440000 0
1410000 -1470000 0
1040000 -1390000 0
520000 -1300000 0
-30000 -1130000 0
-500000 -990000 0
-830000 -810000 0
-950000 -700000 0
-920000 -630000 0
-840000 -640000 0
-770000 -700000 0
-700000 -780000 0
-680000 -860000 0
-710000 -930000 0
-720000 -950000 0
-750000 -940000 0
-770000 -920000 0
-790000 -890000 0
-800000 -850000 0
-840000 -870000 0
-830000 -880000 0
-840000 -910000 0
-850000 -890000 0
-870000 -870000 0
-860000 -850000 0
-860000 -830000 0
-850000 -840000 0
-850000 -780000 0
-840000 -810000 0
-840000 -830000 0
-840000 -820000 0
-840000 -810000 0
-850000 -840000 0
-870000 -880000 0
-870000 -880000 0
-890000 -860000 0
-870000 -860000 0
-850000 -850000 0
-840000 -820000 0
-830000 -830000 0
-810000 -810000 0
-810000 -830000 0
-820000 -860000 0
-800000 -850000 0
-820000 -850000 0
-840000 -890000 0
-840000 -900000 0
-830000 -900000 0
-830000 -890000 0
-820000 -860000 0
-800000 -870000 0
-770000 -860000 0
-760000 -850000 0
-770000 -840000 0
-760000 -880000 0
-760000 -900000 0
-780000 -900000 0
-800000 -890000 0
-800000 -950000 0
-820000 -900000 0
-820000 -920000 0
-790000 -910000 0
-780000 -900000 0
-760000 -870000 0
-740000 -870000 0
-750000 -900000 0
-740000 -910000 0
-750000 -930000 0
-760000 -940000 0
-760000 -950000 0
-780000 -970000 0
-790000 -980000 0
-780000 -950000 0
-780000 -930000 0
-770000 -930000 0
-750000 -910000 0
-740000 -900000 0
-710000 -910000 0
-740000 -920000 0
-750000 -960000 0
-760000 -990000 0
-770000 -990000 0
-790000 -1020000 0
-800000 -1000000 0
-810000 -960000 0
-800000 -960000 0
-770000 -960000 0
-770000 -940000 0
-750000 -950000 0
-730000 -970000 0
-730000 -970000 0
-730000 -990000 0
-730000 -1000000 0
-750000 -1010000 0
-740000 -1020000 0
-710000 -1010000 0
-720000 -1010000 0
-690000 -1000000 0
-680000 -990000 0
-630000 -990000 0
-610000 -980000 0
-610000 -1000000 0
-590000 -990000 0
-600000 -1020000 0
-610000 -1040000 0
-610000 -1060000 0
-610000 -1040000 0
-610000 -1050000 0
-620000 -1070000 0
-600000 -1040000 0
-600000 -1020000 0
-590000 -1000000 0
-580000 -990000 0
-580000 -1000000 0
-590000 -1010000 0
-610000 -1010000 0
-660000 -990000 0
-680000 -1000000 0
-700000 -990000 0
-700000 -990000 0
-720000 -970000 0
-710000 -940000 0
-700000 -940000 0
-700000 -930000 0
-690000 -920000 0
-700000 -920000 0
-710000 -920000 0
-700000 -930000 0
-720000 -930000 0
-740000 -940000 0
-750000 -960000 0
-780000 -920000 0
-760000 -930000 0
-760000 -900000 0
-760000 -880000 0
-760000 -890000 0
-750000 -880000 0
-750000 -880000 0
-750000 -860000 0
-750000 -880000 0
-780000 -910000 0
-790000 -930000 0
-800000 -920000 0
-820000 -910000 0
-800000 -900000 0
-800000 -890000 0
-780000 -850000 0
-770000 -850000 0
-770000 -850000 0
-770000 -860000 0
-760000 -870000 0
-780000 -870000 0
-780000 -880000 0
-810000 -890000 0
-820000 -890000 0
-830000 -890000 0
-840000 -900000 0
-830000 -860000 0
-830000 -870000 0
-820000 -850000 0
-800000 -850000 0
-810000 -850000 0
-800000 -880000 0
-820000 -890000 0
-810000 -890000 0
-830000 -890000 0
-840000 -900000 0
-840000 -890000 0
-860000 -880000 0
-830000 -870000 0
-830000 -850000 0
-810000 -850000 0
-800000 -830000 0
-820000 -860000 0
-800000 -840000 0
-820000 -880000 0
-830000 -880000 0
-840000 -900000 0
-850000 -900000 0
-830000 -910000 0
-820000 -880000 0
-800000 -860000 0
-760000 -840000 0
-760000 -870000 0
-710000 -850000 0
-710000 -840000 0
-690000 -850000 0
-690000 -850000 0
-700000 -850000 0
-700000 -870000 0
-700000 -860000 0
-720000 -850000 0
-690000 -830000 0
-650000 -800000 0
-650000 -800000 0
-590000 -810000 0
-580000 -830000 0
-610000 -880000 0
-620000 -910000 0
-670000 -940000 0
-710000 -970000 0
-720000 -1000000 0
-760000 -980000 0
-770000 -980000 0
-760000 -960000 0
-760000 -950000 0
-750000 -920000 0
-750000 -910000 0
-750000 -900000 0
-770000 -910000 0
-760000 -920000 0
-790000 -920000 0
-830000 -940000 0
-860000 -920000 0
-890000 -920000 0
-900000 -880000 0
-910000 -890000 0
-900000 -870000 0
-890000 -820000 0
-880000 -810000 0
-860000 -810000 0
-880000 -810000 0
-860000 -830000 0
-860000 -860000 0
-860000 -830000 0
-870000 -870000 0
-880000 -900000 0
-900000 -850000 0
-890000 -860000 0
-870000 -850000 0
-880000 -850000 0
-850000 -820000 0
-860000 -810000 0
-880000 -820000 0
-920000 -850000 0
-960000 -850000 0
-980000 -840000 0
-950000 -820000 0
-850000 -800000 0
-680000 -800000 0
-430000 -820000 0
-120000 -870000 0
240000 -960000 0
650000 -1080000 0
1050000 -1210000 0
1340000 -1350000 0
1490000 -1450000 0
1380000 -1510000 0
1050000 -1520000 0
560000 -1420000 0
10000 -1300000 0
-460000 -1130000 0
-760000 -930000 0
-860000 -770000 0
-830000 -670000 0
-720000 -670000 0
-610000 -740000 0
-560000 -840000 0
-540000 -920000 0
-560000 -1020000 0
-630000 -990000 0
-690000 -1030000 0
-750000 -990000 0
-810000 -960000 0
-820000 -930000 0
-820000 -890000 0
-800000 -890000 0
-800000 -870000 0
-790000 -860000 0
-790000 -870000 0
-800000 -850000 0
-800000 -900000 0
-810000 -910000 0
-840000 -910000 0
-850000 -910000 0
-850000 -890000 0
-860000 -910000 0
-840000 -890000 0
-830000 -860000 0
-810000 -860000 0
-810000 -870000 0
-800000 -870000 0
-800000 -860000 0
-800000 -880000 0
-800000 -900000 0
-810000 -890000 0
-820000 -920000 0
-820000 -910000 0
-840000 -890000 0
-800000 -880000 0
-790000 -880000 0
-790000 -860000 0
-760000 -870000 0
-740000 -870000 0
-730000 -890000 0
-760000 -900000 0
-750000 -920000 0
-770000 -940000 0
-790000 -930000 0
-800000 -920000 0
-790000 -950000 0
-770000 -930000 0
-750000 -890000 0
-750000 -900000 0
-740000 -880000 0
-720000 -900000 0
-740000 -920000 0
-740000 -920000 0
-740000 -930000 0
-770000 -950000 0
-780000 -980000 0
-780000 -960000 0
-770000 -950000 0
-770000 -950000 0
-760000 -930000 0
-750000 -920000 0
-710000 -920000 0
-720000 -920000 0
-720000 -930000 0
-710000 -950000 0
-720000 -980000 0
-750000 -990000 0
-740000 -980000 0
-750000 -990000 0
-790000 -990000 0
-760000 -1000000 0
-740000 -950000 0
-710000 -970000 0
-710000 -950000 0
-700000 -940000 0
-710000 -960000 0
-730000 -970000 0
-730000 -990000 0
-740000 -1010000 0
-730000 -1040000 0
-730000 -1030000 0
-760000 -1010000 0
-740000 -1010000 0
-710000 -1010000 0
-690000 -980000 0
-640000 -970000 0
-640000 -990000 0
-620000 -990000 0
-630000 -1040000 0
-630000 -1040000 0
-630000 -1080000 0
-640000 -1100000 0
-620000 -1080000 0
-620000 -1100000 0
-600000 -1090000 0
-570000 -1060000 0
-540000 -1060000 0
-510000 -1060000 0
-520000 -1090000 0
-500000 -1080000 0
-510000 -1080000 0
-530000 -1110000 0
-530000 -1110000 0
-580000 -1120000 0
-580000 -1110000 0
-600000 -1100000 0
-590000 -1080000 0
-590000 -1040000 0
-580000 -1040000 0
-580000 -1030000 0
-600000 -1050000 0
-630000 -1030000 0
-630000 -1050000 0
-650000 -1050000 0
-670000 -1050000 0
-690000 -1040000 0
-710000 -1030000 0
-720000 -1020000 0
-710000 -1010000 0
-720000 -980000 0
-690000 -940000 0
-710000 -940000 0
-700000 -960000 0
-690000 -950000 0
-720000 -950000 0
-730000 -970000 0
-750000 -990000 0
-750000 -990000 0
-780000 -970000 0
-790000 -990000 0
-780000 -960000 0
-760000 -950000 0
-730000 -930000 0
-730000 -900000 0
-740000 -920000 0
-720000 -910000 0
-740000 -920000 0
-760000 -950000 0
-760000 -960000 0
-790000 -940000 0
-800000 -960000 0
-790000 -960000 0
-760000 -930000 0
-770000 -920000 0
-750000 -920000 0
-740000 -900000 0
-730000 -920000 0
-750000 -900000 0
-760000 -950000 0
-760000 -950000 0
-800000 -960000 0
-800000 -950000 0
-810000 -960000 0
-800000 -950000 0
-800000 -920000 0
-790000 -920000 0
-780000 -900000 0
-780000 -900000 0
-790000 -900000 0
-790000 -900000 0
-800000 -930000 0
-810000 -960000 0
-820000 -940000 0
-850000 -950000 0
-840000 -930000 0
-840000 -930000 0
-810000 -910000 0
-810000 -890000 0
-800000 -870000 0
-790000 -880000 0
-750000 -870000 0
-740000 -880000 0
-730000 -890000 0
-750000 -910000 0
-740000 -940000 0
-730000 -950000 0
-740000 -920000 0
-720000 -910000 0
-710000 -920000 0
-690000 -890000 0
-660000 -850000 0
-640000 -830000 0
-630000 -840000 0
-610000 -840000 0
-600000 -830000 0
-580000 -880000 0
-600000 -910000 0
-600000 -930000 0
-630000 -970000 0
-640000 -980000 0
-670000 -980000 0
-700000 -980000 0
-690000 -970000 0
-700000 -980000 0
-690000 -970000 0
-690000 -960000 0
-690000 -980000 0
-720000 -1010000 0
-720000 -1020000 0
-750000 -1030000 0
-760000 -1020000 0
-790000 -1010000 0
-790000 -990000 0
-800000 -960000 0
-800000 -920000 0
-830000 -890000 0
-840000 -890000 0
-850000 -890000 0
-860000 -880000 0
-840000 -900000 0
-880000 -910000 0
-850000 -930000 0
-870000 -910000 0
-870000 -920000 0
-850000 -910000 0
-840000 -860000 0
-830000 -880000 0
-820000 -880000 0
-800000 -890000 0
-800000 -870000 0
-790000 -890000 0
-830000 -900000 0
-850000 -910000 0
-880000 -910000 0
-910000 -940000 0
-950000 -910000 0
-980000 -880000 0
-930000 -850000 0
-840000 -810000 0
-680000 -790000 0
-460000 -810000 0
-160000 -860000 0
200000 -980000 0
590000 -1140000 0
990000 -1320000 0
1300000 -1480000 0
1420000 -1580000 0
1320000 -1620000 0
920000 -1610000 0
420000 -1460000 0
-70000 -1280000 0
-530000 -1070000 0
-790000 -860000 0
-850000 -710000 0
-790000 -660000 0
-690000 -700000 0
-620000 -810000 0
-590000 -920000 0
-590000 -1010000 0
-610000 -1050000 0
-660000 -1050000 0
-690000 -1030000 0
-730000 -960000 0
-740000 -940000 0
-740000 -890000 0
-740000 -910000 0
-770000 -900000 0
-760000 -930000 0
-790000 -940000 0
-790000 -930000 0
-790000 -910000 0
-810000 -910000 0
-810000 -900000 0
-790000 -900000 0
-790000 -880000 0
-790000 -850000 0
-770000 -870000 0
-760000 -870000 0
-770000 -890000 0
-790000 -910000 0
-800000 -930000 0
-790000 -940000 0
-810000 -950000 0
-800000 -920000 0
-770000 -910000 0
-770000 -910000 0
-770000 -900000 0
-750000 -900000 0
-750000 -900000 0
-730000 -880000 0
-740000 -910000 0
-760000 -930000 0
-780000 -950000 0
-780000 -970000 0
-790000 -970000 0
-790000 -950000 0
-780000 -950000 0
-770000 -930000 0
-750000 -930000 0
-760000 -910000 0
-740000 -920000 0
-720000 -890000 0
-740000 -940000 0
-740000 -960000 0
-760000 -970000 0
-770000 -980000 0
-760000 -980000 0
-780000 -970000 0
-760000 -950000 0
-740000 -960000 0
-740000 -940000 0
-720000 -940000 0
-700000 -940000 0
-700000 -950000 0
-710000 -950000 0
-720000 -980000 0
-730000 -990000 0
-740000 -1010000 0
-750000 -990000 0
-740000 -990000 0
-760000 -990000 0
-740000 -990000 0
-720000 -960000 0
-720000 -950000 0
-710000 -960000 0
-730000 -970000 0
-720000 -970000 0
-710000 -1010000 0
-720000 -990000 0
-740000 -1000000 0
-730000 -1030000 0
-740000 -1010000 0
-720000 -1010000 0
-710000 -990000 0
-700000 -990000 0
-670000 -970000 0
-680000 -990000 0
-650000 -990000 0
-670000 -1010000 0
-680000 -1030000 0
-680000 -1050000 0
-670000 -1040000 0
-670000 -1040000 0
-670000 -1050000 0
-640000 -1040000 0
-610000 -1040000 0
-580000 -1020000 0
-560000 -1030000 0
-570000 -1040000 0
-560000 -1040000 0
-570000 -1070000 0
-540000 -1100000 0
-560000 -1100000 0
-560000 -1110000 0
-560000 -1120000 0
-570000 -1110000 0
-570000 -1080000 0
-580000 -1070000 0
-560000 -1050000 0
-580000 -1030000 0
-580000 -1040000 0
-590000 -1020000 0
-600000 -1040000 0
-620000 -1060000 0
-670000 -1060000 0
-680000 -1070000 0
-690000 -1040000 0
-710000 -1040000 0
-710000 -1010000 0
-710000 -990000 0
-710000 -970000 0
-710000 -960000 0
-700000 -950000 0
-710000 -950000 0
-710000 -980000 0
-720000 -980000 0
-750000 -990000 0
-740000 -970000 0
-740000 -970000 0
-770000 -980000 0
-740000 -950000 0
-760000 -930000 0
-740000 -940000 0
-720000 -900000 0
-720000 -910000 0
-720000 -920000 0
-750000 -950000 0
-760000 -950000 0
-780000 -960000 0
-800000 -960000 0
-790000 -940000 0
-790000 -940000 0
-790000 -920000 0
-780000 -910000 0
-760000 -920000 0
-770000 -890000 0
-750000 -900000 0
-760000 -890000 0
-770000 -900000 0
-770000 -920000 0
-780000 -940000 0
-810000 -960000 0
-800000 -950000 0
-810000 -930000 0
-800000 -930000 0
-780000 -890000 0
-780000 -890000 0
-780000 -880000 0
-770000 -890000 0
-780000 -900000 0
-780000 -920000 0
-810000 -950000 0
-830000 -940000 0
-830000 -970000 0
-830000 -960000 0
-840000 -950000 0
-840000 -920000 0
-820000 -910000 0
-800000 -890000 0
-770000 -880000 0
-800000 -870000 0
-790000 -880000 0
-800000 -900000 0
-820000 -900000 0
-830000 -930000 0
-830000 -910000 0
-820000 -910000 0
-800000 -920000 0
-770000 -890000 0
-750000 -890000 0
-720000 -870000 0
-690000 -860000 0
-720000 -850000 0
-680000 -850000 0
-670000 -860000 0
-690000 -860000 0
-690000 -870000 0
-700000 -880000 0
-680000 -870000 0
-670000 -870000 0
-640000 -850000 0
-640000 -850000 0
-640000 -880000 0
-660000 -910000 0
-650000 -940000 0
-680000 -950000 0
-710000 -970000 0
-730000 -990000 0
-730000 -1000000 0
-750000 -1010000 0
-740000 -980000 0
-770000 -970000 0
-750000 -960000 0
-760000 -970000 0
-760000 -950000 0
-760000 -940000 0
-760000 -940000 0
-780000 -930000 0
-820000 -900000 0
-850000 -900000 0
-890000 -920000 0
-910000 -920000 0
-930000 -890000 0
-920000 -880000 0
-890000 -870000 0
-880000 -860000 0
-850000 -830000 0
-830000 -830000 0
-830000 -830000 0
-830000 -830000 0
-850000 -850000 0
-860000 -890000 0
-860000 -870000 0
-870000 -890000 0
-870000 -900000 0
-880000 -880000 0
-870000 -860000 0
-870000 -870000 0
-870000 -850000 0
-910000 -830000 0
-950000 -840000 0
-940000 -790000 0
-880000 -800000 0
-750000 -800000 0
-590000 -820000 0
-340000 -850000 0
10000 -930000 0
430000 -1050000 0
880000 -1220000 0
1290000 -1370000 0
1560000 -1520000 0
1590000 -1640000 0
1310000 -1640000 0
870000 -1570000 0
300000 -1430000 0
-210000 -1220000 0
-610000 -990000 0
-810000 -770000 0
-850000 -630000 0
-770000 -580000 0
-690000 -650000 0
-630000 -760000 0
-590000 -860000 0
-600000 -940000 0
-610000 -980000 0
-640000 -990000 0
-680000 -970000 0
-730000 -940000 0
-760000 -930000 0
-790000 -910000 0
-830000 -900000 0
-830000 -900000 0
-840000 -890000 0
-810000 -890000 0
-810000 -860000 0
-780000 -840000 0
-780000 -850000 0
-780000 -850000 0
-780000 -870000 0
-790000 -860000 0
-800000 -880000 0
-810000 -880000 0
-830000 -900000 0
-820000 -900000 0
-810000 -880000 0
-780000 -880000 0
-780000 -860000 0
-770000 -860000 0
-760000 -850000 0
-760000 -850000 0
-760000 -850000 0
-780000 -860000 0
-790000 -900000 0
-820000 -900000 0
-830000 -900000 0
-810000 -900000 0
-810000 -870000 0
