-906250 -906250 0
-906250 -906250 0
-906250 -906250 0
-906250 -906250 0
-750150 -750150 0
-906312 -906312 0
-999924 -999924 0
-1000262 -1000262 0
-1125100 -1125100 0
-1062162 -1062162 0
-1093875 -1093875 0
-1187224 -1187224 0
-968149 -968149 0
-969887 -969887 0
-1282300 -1282300 0
-1407000 -1407000 0
-1562900 -1562900 0
-1718750 -1718750 0
-1718299 -1718299 0
-1594225 -1594225 0
-1719500 -1719500 0
-1812500 -1812500 0
-1812224 -1812224 0
-1844325 -1844325 0
-1780649 -1780649 0
-1719062 -1719062 0
-1782550 -1782550 0
-1813175 -1813175 0
-1750700 -1750700 0
-1876087 -1876087 0
-2001125 -2001125 0
-2251938 -2251938 0
-2407850 -2407850 0
-2846225 -2846225 0
-3026147 -3026147 0
-2052871 -2052871 0
-420393 -420393 0
2366421 2366421 0
4880702 4880702 0
4757352 4757352 0
1028986 1028986 0
-2288427 -2288427 0
-2650472 -2650472 0
-2061962 -2061962 0
-2094850 -2094850 0
-2061937 -2061937 0
-1968174 -1968174 0
-2001763 -2001763 0
-2123199 -2123199 0
-2155024 -2155024 0
-2063125 -2063125 0
-2061862 -2061862 0
-2062500 -2062500 0
-2157575 -2157575 0
-2092399 -2092399 0
-1908313 -1908313 0
-2001400 -2001400 0
-2124287 -2124287 0
-2125725 -2125725 0
-2218750 -2218750 0
-2123499 -2123499 0
-2062500 -2062500 0
-2126550 -2126550 0
-2031250 -2031250 0
-2062500 -2062500 0
-2093750 -2093750 0
-2123349 -2123349 0
-2126675 -2126675 0
-2217899 -2217899 0
-2153661 -2153661 0
-2002626 -2002626 0
-2065163 -2065163 0
-2063400 -2063400 0
-2095575 -2095575 0
-2158100 -2158100 0
-2125000 -2125000 0
-2092799 -2092799 0
-2187500 -2187500 0
-2154299 -2154299 0
-2093750 -2093750 0
-2188500 -2188500 0
-2216724 -2216724 0
-2154199 -2154199 0
-2189575 -2189575 0
-2250000 -2250000 0
-2280187 -2280187 0
-2315726 -2315726 0
-2310324 -2310324 0
-2219850 -2219850 0
-2343750 -2343750 0
-2281250 -2281250 0
-2250000 -2250000 0
-2282400 -2282400 0
-2212935 -2212935 0
-2031250 -2031250 0
-2094937 -2094937 0
-1965148 -1965148 0
-1872574 -1872574 0
-1842524 -1842524 0
-1778774 -1778774 0
-1592499 -1592499 0
-1566289 -1566289 0
-1591198 -1591198 0
-1441364 -1441364 0
-1533851 -1533851 0
-1589810 -1589810 0
-1563825 -1563825 0
-1533926 -1533926 0
-1562500 -1562500 0
-1654886 -1654886 0
-1626375 -1626375 0
-1686111 -1686111 0
-1629201 -1629201 0
-1752826 -1752826 0
-1717324 -1717324 0
-1630752 -1630752 0
-1751450 -1751450 0
-1718750 -1718750 0
-1657725 -1657725 0
-1782738 -1782738 0
-1748499 -1748499 0
-1779736 -1779736 0
-1875000 -1875000 0
-1903173 -1903173 0
-1878101 -1878101 0
-1935936 -1935936 0
-1840598 -1840598 0
-1782838 -1782838 0
-1848551 -1848551 0
-1814113 -1814113 0
-1876625 -1876625 0
-1942414 -1942414 0
-1934198 -1934198 0
-1819152 -1819152 0
-2032925 -2032925 0
-1963685 -1963685 0
-1907950 -1907950 0
-2003426 -2003426 0
-2027798 -2027798 0
-1935761 -1935761 0
-1908000 -1908000 0
-1876763 -1876763 0
-1816051 -1816051 0
-1876788 -1876788 0
-1900847 -1900847 0
-1755439 -1755439 0
-1909901 -1909901 0
-1902573 -1902573 0
-1808798 -1808798 0
-1689363 -1689363 0
-1716874 -1716874 0
-1562500 -1562500 0
-1582345 -1582345 0
-1369260 -1369260 0
-1251925 -1251925 0
-1349564 -1349564 0
-1376950 -1376950 0
-1406250 -1406250 0
-1439475 -1439475 0
-1498011 -1498011 0
-1370998 -1370998 0
-1297356 -1297356 0
-1781250 -1781250 0
-1879076 -1879076 0
-2062500 -2062500 0
-2027123 -2027123 0
-1997924 -1997924 0
-2037515 -2037515 0
-2154149 -2154149 0
-2129226 -2129226 0
-2160501 -2160501 0
-2064638 -2064638 0
-2058198 -2058198 0
-2160576 -2160576 0
-2120648 -2120648 0
-2033438 -2033438 0
-2194102 -2194102 0
-2258853 -2258853 0
-2665153 -2665153 0
-2984418 -2984418 0
-3330244 -3330244 0
-2541691 -2541691 0
-933998 -933998 0
1585459 1585459 0
4571328 4571328 0
5858806 5858806 0
4595475 4595475 0
902636 902636 0
-1743922 -1743922 0
-2824317 -2824317 0
-2829494 -2829494 0
-2437500 -2437500 0
-2408650 -2408650 0
-2375000 -2375000 0
-2382277 -2382277 0
-2406250 -2406250 0
-2401348 -2401348 0
-2476140 -2476140 0
-2557548 -2557548 0
-2466261 -2466261 0
-2526247 -2526247 0
-2401222 -2401222 0
-2437500 -2437500 0
-2533788 -2533788 0
-2552295 -2552295 0
-2440063 -2440063 0
-2536402 -2536402 0
-2505177 -2505177 0
-2533851 -2533851 0
-2591136 -2591136 0
-2500000 -2500000 0
-2466111 -2466111 0
-2533901 -2533901 0
-2437500 -2437500 0
-2406250 -2406250 0
-2559811 -2559811 0
-2466048 -2466048 0
-2351890 -2351890 0
-2476928 -2476928 0
-2494522 -2494522 0
-2434748 -2434748 0
-2536777 -2536777 0
-2585421 -2585421 0
-2474327 -2474327 0
-2596551 -2596551 0
-2619372 -2619372 0
-2599402 -2599402 0
-2633515 -2633515 0
-2687500 -2687500 0
-2630727 -2630727 0
-2815376 -2815376 0
-2803834 -2803834 0
-2784151 -2784151 0
-2852490 -2852490 0
-2872073 -2872073 0
-2815438 -2815438 0
-2940451 -2940451 0
-2869072 -2869072 0
-2778273 -2778273 0
-2721738 -2721738 0
-2553496 -2553496 0
-2309486 -2309486 0
-2253026 -2253026 0
-2115883 -2115883 0
-1971801 -1971801 0
-2062500 -2062500 0
-1993847 -1993847 0
-1875000 -1875000 0
-2000000 -2000000 0
-1962522 -1962522 0
-1899997 -1899997 0
-2006277 -2006277 0
-1909401 -1909401 0
-1875000 -1875000 0
-2003176 -2003176 0
-1934311 -1934311 0
-1962347 -1962347 0
-1968750 -1968750 0
-1927821 -1927821 0
-1822216 -1822216 0
-1944002 -1944002 0
-1958958 -1958958 0
-1968750 -1968750 0
-1978616 -1978616 0
-1972051 -1972051 0
-1975377 -1975377 0
-2097076 -2097076 0
-2093750 -2093750 0
-2059148 -2059148 0
-2159613 -2159613 0
-2149497 -2149497 0
-2062500 -2062500 0
-2156250 -2156250 0
-2139180 -2139180 0
-2065926 -2065926 0
-2135316 -2135316 0
-2090298 -2090298 0
-2065963 -2065963 0
-2222226 -2222226 0
-2215261 -2215261 0
-2128501 -2128501 0
-2156250 -2156250 0
-2145670 -2145670 0
-2066038 -2066038 0
-2159801 -2159801 0
-2180372 -2180372 0
-2073229 -2073229 0
-2163427 -2163427 0
-2180297 -2180297 0
-2069727 -2069727 0
-2125000 -2125000 0
-2066138 -2066138 0
-2066151 -2066151 0
-2156250 -2156250 0
-2117647 -2117647 0
-1953994 -1953994 0
-1871298 -1871298 0
-1773822 -1773822 0
-1656250 -1656250 0
-1648772 -1648772 0
-1554996 -1554996 0
-1398721 -1398721 0
-1503776 -1503776 0
-1503789 -1503789 0
-1476353 -1476353 0
-1581570 -1581570 0
-1711096 -1711096 0
-1543304 -1543304 0
-1382703 -1382703 0
-1660114 -1660114 0
-1753876 -1753876 0
-1917917 -1917917 0
-2117196 -2117196 0
-2093750 -2093750 0
-2230529 -2230529 0
-2238182 -2238182 0
-2191451 -2191451 0
-2289178 -2289178 0
-2367046 -2367046 0
-2281250 -2281250 0
-2379001 -2379001 0
-2370985 -2370985 0
-2230829 -2230829 0
-2449617 -2449617 0
-2582758 -2582758 0
-2926570 -2926570 0
-3278536 -3278536 0
-3525697 -3525697 0
-2404099 -2404099 0
-389705 -389705 0
2793592 2793592 0
5593337 5593337 0
5038490 5038490 0
4351 4351 0
-3129176 -3129176 0
-2756114 -2756114 0
-2464548 -2464548 0
-2464535 -2464535 0
-2477203 -2477203 0
-2477228 -2477228 0
-2441751 -2441751 0
-2481542 -2481542 0
-2526973 -2526973 0
-2512867 -2512867 0
-2544155 -2544155 0
-2585121 -2585121 0
-2544230 -2544230 0
-2638017 -2638017 0
-2616296 -2616296 0
-2558135 -2558135 0
-2660626 -2660626 0
-2620610 -2620610 0
-2562500 -2562500 0
-2651835 -2651835 0
-2495573 -2495573 0
-2500000 -2500000 0
-2486557 -2486557 0
-2517857 -2517857 0
-2500000 -2500000 0
-2602728 -2602728 0
-2647246 -2647246 0
-2589235 -2589235 0
-2656250 -2656250 0
-2620460 -2620460 0
-2500000 -2500000 0
-2576192 -2576192 0
-2557923 -2557923 0
-2473339 -2473339 0
-2504601 -2504601 0
-2420093 -2420093 0
-2437500 -2437500 0
-2513918 -2513918 0
-2531250 -2531250 0
-2567164 -2567164 0
-2625000 -2625000 0
-2646871 -2646871 0
-2589048 -2589048 0
-2714035 -2714035 0
-2704569 -2704569 0
-2625000 -2625000 0
-2629751 -2629751 0
-2646721 -2646721 0
-2468750 -2468750 0
-2423131 -2423131 0
-2230792 -2230792 0
-2088935 -2088935 0
-2093750 -2093750 0
-2026410 -2026410 0
-1906250 -1906250 0
-1963885 -1963885 0
-1901373 -1901373 0
-1875000 -1875000 0
-1937500 -1937500 0
-1942414 -1942414 0
-1879926 -1879926 0
-1973689 -1973689 0
-2016394 -2016394 0
-1906250 -1906250 0
-2004976 -2004976 0
-1911239 -1911239 0
-1858756 -1858756 0
-2036264 -2036264 0
-2000000 -2000000 0
-2005039 -2005039 0
-2187500 -2187500 0
-2119935 -2119935 0
-2067577 -2067577 0
-2145358 -2145358 0
-2187500 -2187500 0
-2223864 -2223864 0
-2229004 -2229004 0
-2213610 -2213610 0
-2140456 -2140456 0
-2202993 -2202993 0
-2265718 -2265718 0
-2213560 -2213560 0
-2322904 -2322904 0
-2302070 -2302070 0
-2276022 -2276022 0
-2296968 -2296968 0
-2307247 -2307247 0
-2187500 -2187500 0
-2208608 -2208608 0
-2260091 -2260091 0
-2150947 -2150947 0
-2229379 -2229379 0
-2244672 -2244672 0
-2218750 -2218750 0
-2354454 -2354454 0
-2224114 -2224114 0
-2224127 -2224127 0
-2260779 -2260779 0
-2233793 -2233793 0
-2207920 -2207920 0
-2156250 -2156250 0
-2092361 -2092361 0
-1906250 -1906250 0
-1932035 -1932035 0
-1807022 -1807022 0
-1724239 -1724239 0
-1744497 -1744497 0
-1645220 -1645220 0
-1547831 -1547831 0
-1667329 -1667329 0
-1733343 -1733343 0
-1693064 -1693064 0
-1744422 -1744422 0
-1744410 -1744410 0
-1645045 -1645045 0
-1522458 -1522458 0
-1783763 -1783763 0
-1976978 -1976978 0
-2272609 -2272609 0
-2400585 -2400585 0
-2318177 -2318177 0
-2411939 -2411939 0
-2457345 -2457345 0
-2406250 -2406250 0
-2480204 -2480204 0
-2471301 -2471301 0
-2361006 -2361006 0
-2491809 -2491809 0
-2525472 -2525472 0
-2454869 -2454869 0
-2696866 -2696866 0
-3003638 -3003638 0
-3204981 -3204981 0
-3445078 -3445078 0
-4013692 -4013692 0
-3499911 -3499911 0
-2271070 -2271070 0
-477265 -477265 0
2625325 2625325 0
5121648 5121648 0
4462785 4462785 0
-33300 -33300 0
-3148809 -3148809 0
-2891206 -2891206 0
-2437500 -2437500 0
-2511979 -2511979 0
-2507240 -2507240 0
-2443514 -2443514 0
-2537277 -2537277 0
-2525210 -2525210 0
-2443552 -2443552 0
-2568564 -2568564 0
-2544267 -2544267 0
-2537339 -2537339 0
-2531250 -2531250 0
-2538040 -2538040 0
-2412377 -2412377 0
-2474889 -2474889 0
-2500000 -2500000 0
-2468750 -2468750 0
-2531250 -2531250 0
-2493810 -2493810 0
-2393845 -2393845 0
-2418679 -2418679 0
-2431272 -2431272 0
-2356229 -2356229 0
-2468750 -2468750 0
-2393719 -2393719 0
-2356305 -2356305 0
-2462459 -2462459 0
-2405987 -2405987 0
-2356380 -2356380 0
-2449767 -2449767 0
-2393569 -2393569 0
-2387705 -2387705 0
-2368634 -2368634 0
-2343750 -2343750 0
-2350140 -2350140 0
-2437500 -2437500 0
-2287665 -2287665 0
-2356605 -2356605 0
-2437500 -2437500 0
-2330844 -2330844 0
-2399784 -2399784 0
-2418067 -2418067 0
-2330769 -2330769 0
-2332007 -2332007 0
-2455719 -2455719 0
-2386667 -2386667 0
-2287790 -2287790 0
-2310986 -2310986 0
-2074054 -2074054 0
-1975327 -1975327 0
-2018069 -2018069 0
-1830544 -1830544 0
-1868384 -1868384 0
-1781250 -1781250 0
-1736719 -1736719 0
-1763305 -1763305 0
-1843750 -1843750 0
-1799144 -1799144 0
-1819190 -1819190 0
-1917391 -1917391 0
-1774534 -1774534 0
-1745660 -1745660 0
-1899509 -1899509 0
-1843750 -1843750 0
-1801545 -1801545 0
-1899472 -1899472 0
-1850540 -1850540 0
-1919855 -1919855 0
-1944315 -1944315 0
-1850577 -1850577 0
-1964860 -1964860 0
-2111294 -2111294 0
-2000000 -2000000 0
-1982505 -1982505 0
-2086859 -2086859 0
-1975652 -1975652 0
-2013830 -2013830 0
-2149322 -2149322 0
-2086809 -2086809 0
-2107655 -2107655 0
-2180534 -2180534 0
-2118022 -2118022 0
-2086759 -2086759 0
-2100752 -2100752 0
-2072704 -2072704 0
-2125000 -2125000 0
-2208620 -2208620 0
-2228841 -2228841 0
-2163315 -2163315 0
-2187500 -2187500 0
-2125000 -2125000 0
-2156250 -2156250 0
-2346538 -2346538 0
-2228616 -2228616 0
-2163390 -2163390 0
-2204444 -2204444 0
-2062500 -2062500 0
-2093750 -2093750 0
-2110619 -2110619 0
-1956782 -1956782 0
-1826930 -1826930 0
-1877338 -1877338 0
-1742759 -1742759 0
-1742747 -1742747 0
-1680234 -1680234 0
-1533388 -1533388 0
-1523959 -1523959 0
-1593750 -1593750 0
-1516619 -1516619 0
-1608405 -1608405 0
-1617659 -1617659 0
-1680147 -1680147 0
-1713172 -1713172 0
-1555122 -1555122 0
-1678421 -1678421 0
-1897208 -1897208 0
-2046080 -2046080 0
-2133966 -2133966 0
-2108630 -2108630 0
-2235094 -2235094 0
-2117534 -2117534 0
-2178683 -2178683 0
-2296230 -2296230 0
-2304996 -2304996 0
-2303796 -2303796 0
-2343750 -2343750 0
-2288790 -2288790 0
-2265106 -2265106 0
-2352303 -2352303 0
-2234843 -2234843 0
-2241521 -2241521 0
-2421456 -2421456 0
-2710346 -2710346 0
-3077018 -3077018 0
-3515968 -3515968 0
-2785076 -2785076 0
-1122036 -1122036 0
1601578 1601578 0
4583133 4583133 0
4497549 4497549 0
373874 373874 0
-2748649 -2748649 0
-2953556 -2953556 0
-2546993 -2546993 0
-2437500 -2437500 0
-2507778 -2507778 0
-2656250 -2656250 0
-2515643 -2515643 0
-2531250 -2531250 0
-2578093 -2578093 0
-2414090 -2414090 0
-2468750 -2468750 0
-2468750 -2468750 0
-2414128 -2414128 0
-2453281 -2453281 0
-2632540 -2632540 0
-2492084 -2492084 0
-2507928 -2507928 0
-2640368 -2640368 0
-2531250 -2531250 0
-2539215 -2539215 0
-2577793 -2577793 0
-2601027 -2601027 0
-2562500 -2562500 0
-2616984 -2616984 0
-2515193 -2515193 0
-2468750 -2468750 0
-2491946 -2491946 0
-2484881 -2484881 0
-2555484 -2555484 0
-2686387 -2686387 0
-2515043 -2515043 0
-2478078 -2478078 0
-2531250 -2531250 0
-2491859 -2491859 0
-2485056 -2485056 0
-2616834 -2616834 0
-2491821 -2491821 0
-2508190 -2508190 0
-2656250 -2656250 0
-2648034 -2648034 0
-2697391 -2697391 0
-2789490 -2789490 0
-2735256 -2735256 0
-2912702 -2912702 0
-2841886 -2841886 0
-2702168 -2702168 0
-2712409 -2712409 0
-2804184 -2804184 0
-2670843 -2670843 0
-2587522 -2587522 0
-2599939 -2599939 0
-2358268 -2358268 0
-2281250 -2281250 0
-2247686 -2247686 0
-2037289 -2037289 0
-1906250 -1906250 0
-1983143 -1983143 0
-1929059 -1929059 0
-1945953 -1945953 0
-1991534 -1991534 0
-1906250 -1906250 0
-1869222 -1869222 0
-1982993 -1982993 0
-1934686 -1934686 0
-1883528 -1883528 0
-1849377 -1849377 0
-1767106 -1767106 0
-1860881 -1860881 0
-1996936 -1996936 0
-1875000 -1875000 0
-1985956 -1985956 0
-2076518 -2076518 0
-1977378 -1977378 0
-2085109 -2085109 0
-2099039 -2099039 0
-2022584 -2022584 0
-2003463 -2003463 0
-2111131 -2111131 0
-2076343 -2076343 0
-2036352 -2036352 0
-2085021 -2085021 0
-2062500 -2062500 0
-2071253 -2071253 0
-2107467 -2107467 0
-1991221 -1991221 0
-2048832 -2048832 0
-2201142 -2201142 0
-2116183 -2116183 0
-2008828 -2008828 0
-2152135 -2152135 0
-1968750 -1968750 0
-2062500 -2062500 0
-2093750 -2093750 0
-2062500 -2062500 0
-2080307 -2080307 0
-2125000 -2125000 0
-2031250 -2031250 0
-2067014 -2067014 0
-2169592 -2169592 0
-2044567 -2044567 0
-1928521 -1928521 0
-1852303 -1852303 0
-1660489 -1660489 0
-1634016 -1634016 0
-1606942 -1606942 0
-1468750 -1468750 0
-1402160 -1402160 0
-1441551 -1441551 0
-1428421 -1428421 0
-1486932 -1486932 0
-1566439 -1566439 0
-1437500 -1437500 0
-1571628 -1571628 0
-1525935 -1525935 0
-1262942 -1262942 0
-1349164 -1349164 0
-1687500 -1687500 0
-1781250 -1781250 0
-1974314 -1974314 0
-2125000 -2125000 0
-2165478 -2165478 0
-2169017 -2169017 0
-2200242 -2200242 0
-2125000 -2125000 0
-2174807 -2174807 0
-2284626 -2284626 0
-2265981 -2265981 0
-2162264 -2162264 0
-2337685 -2337685 0
-2165591 -2165591 0
-2196853 -2196853 0
-2393732 -2393732 0
-2525022 -2525022 0
-2881315 -2881315 0
-3253326 -3253326 0
-3290253 -3290253 0
-2323817 -2323817 0
-622348 -622348 0
2498161 2498161 0
5160926 5160926 0
4447416 4447416 0
157600 157600 0
-2798807 -2798807 0
-2986369 -2986369 0
-2480942 -2480942 0
-2468750 -2468750 0
-2480892 -2480892 0
-2384566 -2384566 0
-2434986 -2434986 0
-2562500 -2562500 0
-2437500 -2437500 0
-2531250 -2531250 0
-2584121 -2584121 0
-2468750 -2468750 0
-2528961 -2528961 0
-2593750 -2593750 0
-2480642 -2480642 0
-2476265 -2476265 0
-2574342 -2574342 0
-2468750 -2468750 0
-2488207 -2488207 0
-2562500 -2562500 0
-2480492 -2480492 0
-2498049 -2498049 0
-2636692 -2636692 0
-2541041 -2541041 0
-2550857 -2550857 0
-2656250 -2656250 0
-2533013 -2533013 0
-2457182 -2457182 0
-2562500 -2562500 0
-2480267 -2480267 0
-2582257 -2582257 0
-2615108 -2615108 0
-2573942 -2573942 0
-2615083 -2615083 0
-2626463 -2626463 0
-2509941 -2509941 0
-2500000 -2500000 0
-2542567 -2542567 0
-2468750 -2468750 0
-2541241 -2541241 0
-2656250 -2656250 0
-2562500 -2562500 0
-2645058 -2645058 0
-2771208 -2771208 0
-2708695 -2708695 0
-2727766 -2727766 0
-2781250 -2781250 0
-2718750 -2718750 0
-2771145 -2771145 0
-2772033 -2772033 0
-2657112 -2657112 0
-2500000 -2500000 0
-2365633 -2365633 0
-2083583 -2083583 0
-2041429 -2041429 0
-2021733 -2021733 0
-1823341 -1823341 0
-1812500 -1812500 0
-1906812 -1906812 0
-1771008 -1771008 0
-1854491 -1854491 0
-1833483 -1833483 0
-1739720 -1739720 0
-1749624 -1749624 0
-1802195 -1802195 0
-1687500 -1687500 0
-1697829 -1697829 0
-1802158 -1802158 0
-1718750 -1718750 0
-1822866 -1822866 0
-1885491 -1885491 0
-1822966 -1822966 0
-1833308 -1833308 0
-1916666 -1916666 0
-1854179 -1854179 0
-1916691 -1916691 0
-2031250 -2031250 0
-1958283 -1958283 0
-1968750 -1968750 0
-2020758 -2020758 0
-1958508 -1958508 0
-2000300 -2000300 0
-2041441 -2041441 0
-1937500 -1937500 0
-1979716 -1979716 0
-2083183 -2083183 0
-2010579 -2010579 0
-2041841 -2041841 0
-2083145 -2083145 0
-2031250 -2031250 0
-2010629 -2010629 0
-2051858 -2051858 0
-1947441 -1947441 0
-2009916 -2009916 0
-2083070 -2083070 0
-1958883 -1958883 0
-2062500 -2062500 0
-2083033 -2083033 0
-2041041 -2041041 0
-2021483 -2021483 0
-2051745 -2051745 0
-1968750 -1968750 0
-2001087 -2001087 0
-2040916 -2040916 0
-1947141 -1947141 0
-1884616 -1884616 0
-1936262 -1936262 0
-1675382 -1675382 0
-1604604 -1604604 0
-1634516 -1634516 0
-1457870 -1457870 0
-1395358 -1395358 0
-1364095 -1364095 0
-1260916 -1260916 0
-1324967 -1324967 0
-1479691 -1479691 0
-1404636 -1404636 0
-1500000 -1500000 0
-1529561 -1529561 0
-1290516 -1290516 0
-1452030 -1452030 0
-1740783 -1740783 0
-1886029 -1886029 0
-2022083 -2022083 0
-2020195 -2020195 0
-2062500 -2062500 0
-2104829 -2104829 0
-2145158 -2145158 0
-2060436 -2060436 0
-2053483 -2053483 0
-2156250 -2156250 0
-2133966 -2133966 0
-2136154 -2136154 0
-2185249 -2185249 0
-2125000 -2125000 0
-2136191 -2136191 0
-2241158 -2241158 0
-2391018 -2391018 0
-2859856 -2859856 0
-3149959 -3149959 0
-3276222 -3276222 0
-2289540 -2289540 0
-392569 -392569 0
2507352 2507352 0
5367722 5367722 0
5421806 5421806 0
1818239 1818239 0
-2184011 -2184011 0
-2835309 -2835309 0
-2329531 -2329531 0
-2272759 -2272759 0
-2375000 -2375000 0
-2332345 -2332345 0
-2292667 -2292667 0
-2406250 -2406250 0
-2332307 -2332307 0
-2346863 -2346863 0
-2445815 -2445815 0
-2417729 -2417729 0
-2429234 -2429234 0
-2539490 -2539490 0
-2434198 -2434198 0
-2468750 -2468750 0
-2500000 -2500000 0
-2457195 -2457195 0
-2449067 -2449067 0
-2496511 -2496511 0
-2383065 -2383065 0
-2355354 -2355354 0
-2425882 -2425882 0
-2312500 -2312500 0
-2324142 -2324142 0
-2371286 -2371286 0
-2402498 -2402498 0
-2335859 -2335859 0
-2437500 -2437500 0
-2382840 -2382840 0
-2367184 -2367184 0
-2457020 -2457020 0
-2382765 -2382765 0
-2386754 -2386754 0
-2413965 -2413965 0
-2351440 -2351440 0
-2300707 -2300707 0
-2378476 -2378476 0
-2269432 -2269432 0
-2355579 -2355579 0
-2476315 -2476315 0
-2343750 -2343750 0
-2348101 -2348101 0
-2437500 -2437500 0
-2437500 -2437500 0
-2367559 -2367559 0
-2432998 -2432998 0
-2324429 -2324429 0
-2379576 -2379576 0
-2459521 -2459521 0
-2288565 -2288565 0
-2367709 -2367709 0
-2351015 -2351015 0
-2213985 -2213985 0
-2120198 -2120198 0
-2026410 -2026410 0
-1901373 -1901373 0
-1781250 -1781250 0
-1807548 -1807548 0
-1711659 -1711659 0
-1750000 -1750000 0
-1812500 -1812500 0
-1737882 -1737882 0
-1762129 -1762129 0
-1812500 -1812500 0
-1750000 -1750000 0
-1793417 -1793417 0
-1862820 -1862820 0
-1769057 -1769057 0
-1781250 -1781250 0
-1819315 -1819315 0
-1737770 -1737770 0
-1774484 -1774484 0
-1925245 -1925245 0
-1744447 -1744447 0
-1699779 -1699779 0
-1781250 -1781250 0
-1675195 -1675195 0
-1656250 -1656250 0
-1713010 -1713010 0
-1506565 -1506565 0
-1505814 -1505814 0
-1550132 -1550132 0
-1356129 -1356129 0
-1556034 -1556034 0
-1375475 -1375475 0
-1337334 -1337334 0
-1462359 -1462359 0
-1512442 -1512442 0
-1612319 -1612319 0
-1856054 -1856054 0
-2000000 -2000000 0
-1987469 -1987469 0
-2137505 -2137505 0
-2262517 -2262517 0
-2224939 -2224939 0
-2268920 -2268920 0
-2381139 -2381139 0
-2299932 -2299932 0
-2293830 -2293830 0
-2324629 -2324629 0
-2200105 -2200105 0
-2206132 -2206132 0
-2243359 -2243359 0
-2162214 -2162214 0
-2206094 -2206094 0
-2318414 -2318414 0
-2407150 -2407150 0
-2801733 -2801733 0
-3250000 -3250000 0
-3488370 -3488370 0
-3133128 -3133128 0
-1485744 -1485744 0
755739 755739 0
3762042 3762042 0
5357930 5357930 0
3736644 3736644 0
-950167 -950167 0
-2974364 -2974364 0
-2491108 -2491108 0
-2332620 -2332620 0
-2448579 -2448579 0
-2398897 -2398897 0
-2432010 -2432010 0
-2492572 -2492572 0
-2387905 -2387905 0
-2432085 -2432085 0
-2512930 -2512930 0
-2474114 -2474114 0
-2450455 -2450455 0
-2474064 -2474064 0
-2419230 -2419230 0
-2471213 -2471213 0
-2585984 -2585984 0
-2510429 -2510429 0
-2437500 -2437500 0
-2500000 -2500000 0
-2398334 -2398334 0
-2414203 -2414203 0
-2473839 -2473839 0
-2473814 -2473814 0
-2508065 -2508065 0
-2567514 -2567514 0
-2406250 -2406250 0
-2427571 -2427571 0
-2486844 -2486844 0
-2411164 -2411164 0
-2396471 -2396471 0
-2442364 -2442364 0
-2361794 -2361794 0
-2419467 -2419467 0
-2500000 -2500000 0
-2393007 -2393007 0
-2455494 -2455494 0
-2486732 -2486732 0
-2392969 -2392969 0
-2432835 -2432835 0
-2517944 -2517944 0
-2410864 -2410864 0
-2388330 -2388330 0
-2504564 -2504564 0
-2473289 -2473289 0
-2513367 -2513367 0
-2642869 -2642869 0
-2517857 -2517857 0
-2531250 -2531250 0
-2553496 -2553496 0
-2410639 -2410639 0
-2433135 -2433135 0
-2490883 -2490883 0
-2312500 -2312500 0
-2352941 -2352941 0
-2272021 -2272021 0
-2142744 -2142744 0
-2107267 -2107267 0
-2164628 -2164628 0
-1990621 -1990621 0
-1906250 -1906250 0
-1986432 -1986432 0
-1923919 -1923919 0
-1974214 -1974214 0
-2085671 -2085671 0
-2004014 -2004014 0
-1941489 -1941489 0
-1937500 -1937500 0
-1888655 -1888655 0
-1933585 -1933585 0
-2013680 -2013680 0
-1941364 -1941364 0
-1996160 -1996160 0
-2044967 -2044967 0
-1968750 -1968750 0
-1992471 -1992471 0
-2111244 -2111244 0
-2103804 -2103804 0
-2246311 -2246311 0
-2243534 -2243534 0
-2125000 -2125000 0
-2197704 -2197704 0
-2267419 -2267419 0
-2208470 -2208470 0
-2246461 -2246461 0
-2215236 -2215236 0
-2159738 -2159738 0
-2184036 -2184036 0
-2256877 -2256877 0
-2187500 -2187500 0
-2170180 -2170180 0
-2232693 -2232693 0
-2184161 -2184161 0
-2215436 -2215436 0
-2270558 -2270558 0
-2204756 -2204756 0
-2232755 -2232755 0
-2423481 -2423481 0
-2250000 -2250000 0
-2312500 -2312500 0
-2395333 -2395333 0
-2256227 -2256227 0
-2139080 -2139080 0
-2250000 -2250000 0
-2187500 -2187500 0
-2164340 -2164340 0
-2281250 -2281250 0
-2250000 -2250000 0
-2309561 -2309561 0
-2406250 -2406250 0
-2295430 -2295430 0
-2329556 -2329556 0
-2315338 -2315338 0
-2218750 -2218750 0
-2264230 -2264230 0
-2284013 -2284013 0
-2158988 -2158988 0
-2141981 -2141981 0
-2173219 -2173219 0
-2216086 -2216086 0
-2216111 -2216111 0
-2283863 -2283863 0
-2235669 -2235669 0
-2293029 -2293029 0
-2329394 -2329394 0
-2201868 -2201868 0
-2264380 -2264380 0
-2329356 -2329356 0
-2266844 -2266844 0
-2233168 -2233168 0
-2221138 -2221138 0
-2139443 -2139443 0
-2185161 -2185161 0
-2250000 -2250000 0
-2223326 -2223326 0
-2204256 -2204256 0
-2235494 -2235494 0
-2206445 -2206445 0
-2079219 -2079219 0
-2004326 -2004326 0
-1891694 -1891694 0
-1877113 -1877113 0
-1847926 -1847926 0
-1689563 -1689563 0
-1593750 -1593750 0
-1639618 -1639618 0
-1593750 -1593750 0
-1683573 -1683573 0
-1783188 -1783188 0
-1643494 -1643494 0
-1762792 -1762792 0
-1941226 -1941226 0
-1770220 -1770220 0
-1670968 -1670968 0
-1825442 -1825442 0
-1952243 -1952243 0
-2088535 -2088535 0
-2297731 -2297731 0
-2281250 -2281250 0
-2312500 -2312500 0
-2342111 -2342111 0
-2294455 -2294455 0
-2417904 -2417904 0
-2580469 -2580469 0
-2455432 -2455432 0
-2434473 -2434473 0
-2563988 -2563988 0
-2468750 -2468750 0
-2513467 -2513467 0
-2717336 -2717336 0
-2948266 -2948266 0
-3135854 -3135854 0
-3577455 -3577455 0
-2966911 -2966911 0
-1561687 -1561687 0
594687 594687 0
3721526 3721526 0
5401398 5401398 0
4246073 4246073 0
518682 518682 0
-2202818 -2202818 0
-3275685 -3275685 0
-3238182 -3238182 0
-2860969 -2860969 0
-2767181 -2767181 0
-2594762 -2594762 0
-2577631 -2577631 0
-2640143 -2640143 0
-2655312 -2655312 0
-2717837 -2717837 0
-2812500 -2812500 0
-2687500 -2687500 0
-2733118 -2733118 0
-2766031 -2766031 0
-2671481 -2671481 0
-2672256 -2672256 0
-2781250 -2781250 0
-2702768 -2702768 0
-2749312 -2749312 0
-2750662 -2750662 0
-2672193 -2672193 0
-2687500 -2687500 0
-2688675 -2688675 0
-2672156 -2672156 0
-2718212 -2718212 0
-2719262 -2719262 0
-2641356 -2641356 0
-2671643 -2671643 0
-2812937 -2812937 0
-2734993 -2734993 0
-2718362 -2718362 0
-2734556 -2734556 0
-2641131 -2641131 0
-2624687 -2624687 0
-2640768 -2640768 0
-2531250 -2531250 0
-2593750 -2593750 0
-2671768 -2671768 0
-2531250 -2531250 0
-2531250 -2531250 0
-2640831 -2640831 0
-2578068 -2578068 0
-2734243 -2734243 0
-2890656 -2890656 0
-2828106 -2828106 0
-2890618 -2890618 0
-3062512 -3062512 0
-3015681 -3015681 0
-3109343 -3109343 0
-3171743 -3171743 0
-3046931 -3046931 0
-3078331 -3078331 0
-3093587 -3093587 0
-2937124 -2937124 0
-2906462 -2906462 0
-2827531 -2827531 0
-2671743 -2671743 0
-2562500 -2562500 0
-2468437 -2468437 0
-2296030 -2296030 0
-2203306 -2203306 0
-2155862 -2155862 0
-2046668 -2046668 0
-1953781 -1953781 0
-1937037 -1937037 0
-1890868 -1890868 0
-1922131 -1922131 0
-1998924 -1998924 0
-1968750 -1968750 0
-2015918 -2015918 0
-2031250 -2031250 0
-1937500 -1937500 0
-2000662 -2000662 0
-2046531 -2046531 0
-1999287 -1999287 0
-2031987 -2031987 0
-2077743 -2077743 0
-1984768 -1984768 0
-2048094 -2048094 0
-2061662 -2061662 0
-2015193 -2015193 0
-2016068 -2016068 0
-2171418 -2171418 0
-2124062 -2124062 0
-2188462 -2188462 0
-2218750 -2218750 0
-2123987 -2123987 0
-2126037 -2126037 0
-2170280 -2170280 0
-2077581 -2077581 0
-2126112 -2126112 0
-2187500 -2187500 0
-2108793 -2108793 0
-2159813 -2159813 0
-2186287 -2186287 0
-2126237 -2126237 0
-2220013 -2220013 0
-2342461 -2342461 0
-2156250 -2156250 0
-2203794 -2203794 0
-2264943 -2264943 0
-2156250 -2156250 0
-2220163 -2220163 0
-2217311 -2217311 0
-2169680 -2169680 0
-2188988 -2188988 0
-2218750 -2218750 0
-2125000 -2125000 0
-2221876 -2221876 0
-2246823 -2246823 0
-2029636 -2029636 0
-1902973 -1902973 0
-1873336 -1873336 0
-1825592 -1825592 0
-1669305 -1669305 0
-1685761 -1685761 0
-1591986 -1591986 0
-1564288 -1564288 0
-1639718 -1639718 0
-1591911 -1591911 0
-1691226 -1691226 0
-1733430 -1733430 0
-1764668 -1764668 0
-1560561 -1560561 0
-1581069 -1581069 0
-1797869 -1797869 0
-1941526 -1941526 0
-2160326 -2160326 0
-2204156 -2204156 0
-2285426 -2285426 0
-2389568 -2389568 0
-2216611 -2216611 0
-2266706 -2266706 0
-2312500 -2312500 0
-2264518 -2264518 0
-2297994 -2297994 0
-2406250 -2406250 0
-2264480 -2264480 0
-2391781 -2391781 0
-2468750 -2468750 0
-2389443 -2389443 0
-2569665 -2569665 0
-3024072 -3024072 0
-3269282 -3269282 0
-3584283 -3584283 0
-2907638 -2907638 0
-1087297 -1087297 0
1500962 1500962 0
4460084 4460084 0
5359468 5359468 0
2287389 2287389 0
-2111519 -2111519 0
-3179509 -3179509 0
-2804434 -2804434 0
-2593750 -2593750 0
-2542767 -2542767 0
-2502763 -2502763 0
-2690288 -2690288 0
-2593750 -2593750 0
-2593750 -2593750 0
-2653386 -2653386 0
-2545430 -2545430 0
-2590836 -2590836 0
-2556622 -2556622 0
-2434536 -2434536 0
-2500000 -2500000 0
-2500000 -2500000 0
-2485894 -2485894 0
-2500000 -2500000 0
-2510991 -2510991 0
-2528136 -2528136 0
-2503138 -2503138 0
-2579706 -2579706 0
-2514030 -2514030 0
-2503213 -2503213 0
-2559261 -2559261 0
-2576493 -2576493 0
-2531250 -2531250 0
-2545218 -2545218 0
-2482705 -2482705 0
-2531250 -2531250 0
-2482680 -2482680 0
-2454831 -2454831 0
-2454844 -2454844 0
-2607643 -2607643 0
-2513880 -2513880 0
-2552145 -2552145 0
-2590211 -2590211 0
-2486156 -2486156 0
-2566088 -2566088 0
-2649022 -2649022 0
-2541416 -2541416 0
-2583620 -2583620 0
-2670030 -2670030 0
-2562500 -2562500 0
-2566238 -2566238 0
-2656250 -2656250 0
-2589960 -2589960 0
-2597564 -2597564 0
-2669955 -2669955 0
-2572328 -2572328 0
-2576180 -2576180 0
-2474589 -2474589 0
-2277310 -2277310 0
-2187500 -2187500 0
-2134641 -2134641 0
-1947103 -1947103 0
-1968750 -1968750 0
-1947028 -1947028 0
-1870910 -1870910 0
-1830182 -1830182 0
-1808360 -1808360 0
-1728128 -1728128 0
-1750000 -1750000 0
-1790553 -1790553 0
-1745760 -1745760 0
-1816764 -1816764 0
-1870710 -1870710 0
-1781250 -1781250 0
-1848089 -1848089 0
-1884078 -1884078 0
-1839360 -1839360 0
-1852578 -1852578 0
-1901810 -1901810 0
-1879464 -1879464 0
-1892869 -1892869 0
-2000000 -2000000 0
-1901710 -1901710 0
-1973314 -1973314 0
-2089160 -2089160 0
-1955432 -1955432 0
-2031250 -2031250 0
-2102378 -2102378 0
-2000000 -2000000 0
-2093750 -2093750 0
-2164765 -2164765 0
-1981992 -1981992 0
-2098539 -2098539 0
-2161064 -2161064 0
-2062500 -2062500 0
-2161114 -2161114 0
-2182610 -2182610 0
-2093750 -2093750 0
-2125000 -2125000 0
-2120035 -2120035 0
-2057510 -2057510 0
-2067514 -2067514 0
-2125000 -2125000 0
-1981842 -1981842 0
-2054509 -2054509 0
-2039203 -2039203 0
-1994860 -1994860 0
-2000000 -2000000 0
-2119810 -2119810 0
-1963535 -1963535 0
-2000000 -2000000 0
-2088485 -2088485 0
-1963460 -1963460 0
-1937500 -1937500 0
-1788865 -1788865 0
-1575442 -1575442 0
-1580819 -1580819 0
-1551670 -1551670 0
-1411689 -1411689 0
-1382427 -1382427 0
-1393369 -1393369 0
-1437500 -1437500 0
-1505539 -1505539 0
-1538527 -1538527 0
-1505589 -1505589 0
-1450317 -1450317 0
-1282775 -1282775 0
-1467286 -1467286 0
-1661939 -1661939 0
-1849464 -1849464 0
-1906250 -1906250 0
-2037014 -2037014 0
-2187500 -2187500 0
-2093750 -2093750 0
-2112294 -2112294 0
-2187500 -2187500 0
-2119110 -2119110 0
-2193414 -2193414 0
-2238120 -2238120 0
-2119035 -2119035 0
-2093750 -2093750 0
-2218750 -2218750 0
-2193539 -2193539 0
-2673982 -2673982 0
-3093349 -3093349 0
-3355979 -3355979 0
-2732405 -2732405 0
-901573 -901573 0
1954569 1954569 0
4993084 4993084 0
5293880 5293880 0
1249324 1249324 0
-2575580 -2575580 0
-2749512 -2749512 0
-2243659 -2243659 0
-2337672 -2337672 0
-2387429 -2387429 0
-2312500 -2312500 0
-2381440 -2381440 0
-2431034 -2431034 0
-2393870 -2393870 0
-2400397 -2400397 0
-2531250 -2531250 0
-2418592 -2418592 0
-2425170 -2425170 0
-2524634 -2524634 0
-2418554 -2418554 0
-2444165 -2444165 0
-2456470 -2456470 0
-2356017 -2356017 0
-2393995 -2393995 0
-2442977 -2442977 0
-2355979 -2355979 0
-2432097 -2432097 0
-2430659 -2430659 0
-2324692 -2324692 0
-2357530 -2357530 0
-2430584 -2430584 0
-2348964 -2348964 0
-2324642 -2324642 0
-2343750 -2343750 0
-2255102 -2255102 0
-2338685 -2338685 0
-2324592 -2324592 0
-2317489 -2317489 0
-2331682 -2331682 0
-2399109 -2399109 0
-2362957 -2362957 0
-2331720 -2331720 0
-2394232 -2394232 0
-2348514 -2348514 0
-2343750 -2343750 0
-2375000 -2375000 0
-2375000 -2375000 0
-2401635 -2401635 0
-2430134 -2430134 0
-2367609 -2367609 0
-2382415 -2382415 0
-2425595 -2425595 0
-2293142 -2293142 0
-2319990 -2319990 0
-2270570 -2270570 0
-2078668 -2078668 0
-2050657 -2050657 0
-2031250 -2031250 0
-1968750 -1968750 0
-1910414 -1910414 0
-1816626 -1816626 0
-1668029 -1668029 0
-1683448 -1683448 0
-1703268 -1703268 0
-1574242 -1574242 0
-1726540 -1726540 0
-1781250 -1781250 0
-1710909 -1710909 0
-1687500 -1687500 0
-1761679 -1761679 0
-1699167 -1699167 0
-1695440 -1695440 0
-1792892 -1792892 0
-1742009 -1742009 0
-1726765 -1726765 0
-1784813 -1784813 0
-1687500 -1687500 0
-1758090 -1758090 0
-1855317 -1855317 0
-1832195 -1832195 0
-1835584 -1835584 0
-1866809 -1866809 0
-1832232 -1832232 0
-1891481 -1891481 0
-1980242 -1980242 0
-1909438 -1909438 0
-1945815 -1945815 0
-2022909 -2022909 0
-1945865 -1945865 0
-1945890 -1945890 0
-1971751 -1971751 0
-1863595 -1863595 0
-1926107 -1926107 0
-1991509 -1991509 0
-1928984 -1928984 0
-1985831 -1985831 0
-2000000 -2000000 0
-1917579 -1917579 0
-2000000 -2000000 0
-1960109 -1960109 0
-1846376 -1846376 0
-1801220 -1801220 0
-1926232 -1926232 0
-1875000 -1875000 0
-1957508 -1957508 0
-1948729 -1948729 0
-1863783 -1863783 0
-1923932 -1923932 0
-1857267 -1857267 0
-1555897 -1555897 0
-1533500 -1533500 0
-1462022 -1462022 0
-1366033 -1366033 0
-1272258 -1272258 0
-1218750 -1218750 0
-1104854 -1104854 0
-1225790 -1225790 0
-1323579 -1323579 0
-1312500 -1312500 0
-1332695 -1332695 0
-1345625 -1345625 0
-1084558 -1084558 0
-1378814 -1378814 0
-1593750 -1593750 0
-1707758 -1707758 0
-1842061 -1842061 0
-1935849 -1935849 0
-1885954 -1885954 0
-1864058 -1864058 0
-1948429 -1948429 0
-1896833 -1896833 0
-1895345 -1895345 0
-2009466 -2009466 0
-2000000 -2000000 0
-2020383 -2020383 0
-2104604 -2104604 0
-1990433 -1990433 0
-2102103 -2102103 0
-2414665 -2414665 0
-2738032 -2738032 0
-3090373 -3090373 0
-3128263 -3128263 0
-1759453 -1759453 0
236832 236832 0
3492209 3492209 0
5309686 5309686 0
3423356 3423356 0
-981017 -981017 0
-2810849 -2810849 0
-2470325 -2470325 0
-2240083 -2240083 0
-2177558 -2177558 0
-2187500 -2187500 0
-2188137 -2188137 0
-2125000 -2125000 0
-2093750 -2093750 0
-2177433 -2177433 0
-2104329 -2104329 0
-2166366 -2166366 0
-2260554 -2260554 0
-2219125 -2219125 0
-2239133 -2239133 0
-2208533 -2208533 0
-2198004 -2198004 0
-2197991 -2197991 0
-2146145 -2146145 0
-2072966 -2072966 0
-2166591 -2166591 0
-2166691 -2166691 0
-2135391 -2135391 0
-2218750 -2218750 0
-2249962 -2249962 0
-2166641 -2166641 0
-2281250 -2281250 0
-2291616 -2291616 0
-2176958 -2176958 0
-2156250 -2156250 0
-2104079 -2104079 0
-2073116 -2073116 0
-2177195 -2177195 0
-2208458 -2208458 0
-2239720 -2239720 0
-2229466 -2229466 0
-2197266 -2197266 0
-2093224 -2093224 0
-2166479 -2166479 0
-2197716 -2197716 0
-2103954 -2103954 0
-2250675 -2250675 0
-2396070 -2396070 0
-2239833 -2239833 0
-2282037 -2282037 0
-2342924 -2342924 0
-2228016 -2228016 0
-2240783 -2240783 0
-2260104 -2260104 0
-2092774 -2092774 0
-2062500 -2062500 0
-2009016 -2009016 0
-1831520 -1831520 0
-1812500 -1812500 0
-1790116 -1790116 0
-1655049 -1655049 0
-1667491 -1667491 0
-1613732 -1613732 0
-1541228 -1541228 0
-1573817 -1573817 0
-1634953 -1634953 0
-1529824 -1529824 0
-1583821 -1583821 0
-1718750 -1718750 0
-1677596 -1677596 0
-1740108 -1740108 0
-1769757 -1769757 0
-1697366 -1697366 0
-1730292 -1730292 0
-1769682 -1769682 0
-1738407 -1738407 0
-1769632 -1769632 0
-1769607 -1769607 0
-1738332 -1738332 0
-1814413 -1814413 0
-1884766 -1884766 0
-1896496 -1896496 0
-1990258 -1990258 0
-1937500 -1937500 0
-1918067 -1918067 0
-1980592 -1980592 0
-1966574 -1966574 0
-1956857 -1956857 0
-1959083 -1959083 0
-1988057 -1988057 0
-1949467 -1949467 0
-1980742 -1980742 0
-2031250 -2031250 0
-1935061 -1935061 0
-1884591 -1884591 0
-1903736 -1903736 0
-1959183 -1959183 0
-1927946 -1927946 0
-1956582 -1956582 0
-1853278 -1853278 0
-1940201 -1940201 0
-2031250 -2031250 0
-1928008 -1928008 0
-1921356 -1921356 0
-2009466 -2009466 0
-1768907 -1768907 0
-1625000 -1625000 0
-1634428 -1634428 0
-1475165 -1475165 0
-1375000 -1375000 0
-1403173 -1403173 0
-1281250 -1281250 0
-1312500 -1312500 0
-1481292 -1481292 0
-1415591 -1415591 0
-1534513 -1534513 0
-1634316 -1634316 0
-1399572 -1399572 0
-1475502 -1475502 0
-1728028 -1728028 0
-1806685 -1806685 0
-2003488 -2003488 0
-2125000 -2125000 0
-1987207 -1987207 0
-1959533 -1959533 0
-2062500 -2062500 0
-2031250 -2031250 0
-2137892 -2137892 0
-2187500 -2187500 0
-2165403 -2165403 0
-2253826 -2253826 0
-2205757 -2205757 0
-2174482 -2174482 0
-2178396 -2178396 0
-2347726 -2347726 0
-2619935 -2619935 0
-2883103 -2883103 0
-3338785 -3338785 0
-2618322 -2618322 0
-980579 -980579 0
1754114 1754114 0
4577881 4577881 0
4706795 4706795 0
869872 869872 0
-2306835 -2306835 0
-2915203 -2915203 0
-2540278 -2540278 0
-2321428 -2321428 0
-2343750 -2343750 0
-2482192 -2482192 0
-2397358 -2397358 0
-2406250 -2406250 0
-2339098 -2339098 0
-2267707 -2267707 0
-2375000 -2375000 0
-2338985 -2338985 0
-2290066 -2290066 0
-2388642 -2388642 0
-2437500 -2437500 0
-2406250 -2406250 0
-2446266 -2446266 0
-2522496 -2522496 0
-2460009 -2460009 0
-2505064 -2505064 0
-2508715 -2508715 0
-2366296 -2366296 0
-2460059 -2460059 0
-2446178 -2446178 0
-2414915 -2414915 0
-2508653 -2508653 0
-2486031 -2486031 0
-2460121 -2460121 0
-2482768 -2482768 0
-2531250 -2531250 0
-2437500 -2437500 0
-2491421 -2491421 0
-2477315 -2477315 0
-2329606 -2329606 0
-2397709 -2397709 0
-2446028 -2446028 0
-2375000 -2375000 0
-2428996 -2428996 0
-2483018 -2483018 0
-2522771 -2522771 0
-2616534 -2616534 0
-2687500 -2687500 0
-2633440 -2633440 0
-2755964 -2755964 0
-2860581 -2860581 0
-2681460 -2681460 0
-2787327 -2787327 0
-2772871 -2772871 0
-2656250 -2656250 0
-2679146 -2679146 0
-2618772 -2618772 0
-2456219 -2456219 0
-2389618 -2389618 0
-2266606 -2266606 0
-2118622 -2118622 0
-2047806 -2047806 0
-2022984 -2022984 0
-1860256 -1860256 0
-1828981 -1828981 0
-1820728 -1820728 0
-1789465 -1789465 0
-1781250 -1781250 0
-1812500 -1812500 0
-1712034 -1712034 0
-1733668 -1733668 0
-1789403 -1789403 0
-1718750 -1718750 0
-1788115 -1788115 0
-1906250 -1906250 0
-1782412 -1782412 0
-1881977 -1881977 0
-1945578 -1945578 0
-1820565 -1820565 0
-1898196 -1898196 0
-1929459 -1929459 0
-1851778 -1851778 0
-1906250 -1906250 0
-1945503 -1945503 0
-1867722 -1867722 0
-1898271 -1898271 0
-1914215 -1914215 0
-1859656 -1859656 0
-1944927 -1944927 0
-2007928 -2007928 0
-1976665 -1976665 0
-2007540 -2007540 0
-2070390 -2070390 0
-2000000 -2000000 0
-2031037 -2031037 0
-2039103 -2039103 0
-1914090 -1914090 0
-1976515 -1976515 0
-2039065 -2039065 0
-1921893 -1921893 0
-1953168 -1953168 0
-2062500 -2062500 0
-2015531 -2015531 0
-2031250 -2031250 0
-2046731 -2046731 0
-1945228 -1945228 0
-1992284 -1992284 0
-1984156 -1984156 0
-1913940 -1913940 0
-1961071 -1961071 0
-1976415 -1976415 0
-1866709 -1866709 0
-1890968 -1890968 0
-1890256 -1890256 0
-1726365 -1726365 0
-1703543 -1703543 0
-1647771 -1647771 0
-1500000 -1500000 0
-1492434 -1492434 0
-1421356 -1421356 0
-1296331 -1296331 0
-1304971 -1304971 0
-1367484 -1367484 0
-1351253 -1351253 0
-1375000 -1375000 0
-1437500 -1437500 0
-1357292 -1357292 0
-1422594 -1422594 0
-1498511 -1498511 0
-1217211 -1217211 0
-1376588 -1376588 0
-1696541 -1696541 0
-1773859 -1773859 0
-1977866 -1977866 0
-2064288 -2064288 0
-2079044 -2079044 0
-2023909 -2023909 0
-2023922 -2023922 0
-1959446 -1959446 0
-1978091 -1978091 0
-2047919 -2047919 0
-2000000 -2000000 0
-2062500 -2062500 0
-2226002 -2226002 0
-2038490 -2038490 0
-2079294 -2079294 0
-2139430 -2139430 0
-2204344 -2204344 0
-2598726 -2598726 0
-2908788 -2908788 0
-3151673 -3151673 0
-2929584 -2929584 0
-1259741 -1259741 0
1220363 1220363 0
4304809 4304809 0
5772721 5772721 0
3720850 3720850 0
-942051 -942051 0
-2801358 -2801358 0
-2431422 -2431422 0
-2274209 -2274209 0
-2367972 -2367972 0
-2218750 -2218750 0
-2336747 -2336747 0
-2381990 -2381990 0
-2305522 -2305522 0
-2288215 -2288215 0
-2326405 -2326405 0
-2295130 -2295130 0
-2361144 -2361144 0
-2295080 -2295080 0
-2250000 -2250000 0
-2218750 -2218750 0
-2288127 -2288127 0
-2194365 -2194365 0
-2187500 -2187500 0
-2250000 -2250000 0
-2201155 -2201155 0
-2267619 -2267619 0
-2263605 -2263605 0
-2211959 -2211959 0
-2211972 -2211972 0
-2336984 -2336984 0
-2201005 -2201005 0
-2180759 -2180759 0
-2312500 -2312500 0
-2194215 -2194215 0
-2229891 -2229891 0
-2287940 -2287940 0
-2200855 -2200855 0
-2267919 -2267919 0
-2305847 -2305847 0
-2207420 -2207420 0
-2236744 -2236744 0
-2225365 -2225365 0
-2180897 -2180897 0
-2205569 -2205569 0
-2287827 -2287827 0
-2243434 -2243434 0
-2281250 -2281250 0
-2399709 -2399709 0
-2319027 -2319027 0
-2393219 -2393219 0
-2369760 -2369760 0
-2381490 -2381490 0
-2386817 -2386817 0
-2381465 -2381465 0
-2262905 -2262905 0
-2113070 -2113070 0
-1988032 -1988032 0
-1818915 -1818915 0
-1787652 -1787652 0
-1762780 -1762780 0
-1650510 -1650510 0
-1668404 -1668404 0
-1644057 -1644057 0
-1537590 -1537590 0
-1612344 -1612344 0
-1556510 -1556510 0
-1518644 -1518644 0
-1549919 -1549919 0
-1581332 -1581332 0
-1562500 -1562500 0
-1587497 -1587497 0
-1631239 -1631239 0
-1550045 -1550045 0
-1556285 -1556285 0
-1662452 -1662452 0
-1662439 -1662439 0
-1706395 -1706395 0
-1731079 -1731079 0
-1681347 -1681347 0
-1737720 -1737720 0
-1781250 -1781250 0
-1775135 -1775135 0
-1775147 -1775147 0
-1824679 -1824679 0
-1705732 -1705732 0
-1825555 -1825555 0
-1812500 -1812500 0
-1818539 -1818539 0
-1882140 -1882140 0
-1943514 -1943514 0
-1836509 -1836509 0
-1919530 -1919530 0
-1974727 -1974727 0
-1886929 -1886929 0
-1950892 -1950892 0
-1974689 -1974689 0
-1848064 -1848064 0
-1875000 -1875000 0
-1943402 -1943402 0
-1875000 -1875000 0
-1913990 -1913990 0
-1980479 -1980479 0
-1906250 -1906250 0
-1957070 -1957070 0
-2005827 -2005827 0
-1886629 -1886629 0
-1945540 -1945540 0
-1923619 -1923619 0
-1824054 -1824054 0
-1843750 -1843750 0
-1861006 -1861006 0
-1792729 -1792729 0
-1843750 -1843750 0
-1886429 -1886429 0
-1755702 -1755702 0
-1744310 -1744310 0
-1553959 -1553959 0
-1488670 -1488670 0
-1500000 -1500000 0
-1403198 -1403198 0
-1349377 -1349377 0
-1250000 -1250000 0
-1286852 -1286852 0
-1270070 -1270070 0
-1338172 -1338172 0
-1406250 -1406250 0
-1250000 -1250000 0
-1389630 -1389630 0
-1246386 -1246386 0
-1099264 -1099264 0
-1487232 -1487232 0
-1707770 -1707770 0
-1775772 -1775772 0
-1926570 -1926570 0
-2005452 -2005452 0
-1953819 -1953819 0
-2057072 -2057072 0
-2099164 -2099164 0
-2036652 -2036652 0
-2103441 -2103441 0
-2130377 -2130377 0
-2088385 -2088385 0
-2114295 -2114295 0
-2099089 -2099089 0
-2067827 -2067827 0
-2145620 -2145620 0
-2447541 -2447541 0
-2739420 -2739420 0
-2812500 -2812500 0
-2994735 -2994735 0
-3395483 -3395483 0
-3437687 -3437687 0
-2463973 -2463973 0
-885579 -885579 0
1547156 1547156 0
4401848 4401848 0
5531437 5531437 0
2971288 2971288 0
-1472126 -1472126 0
-2797081 -2797081 0
-2457520 -2457520 0
-2322729 -2322729 0
-2312500 -2312500 0
-2250000 -2250000 0
-2391018 -2391018 0
-2255064 -2255064 0
-2281250 -2281250 0
-2396170 -2396170 0
-2276222 -2276222 0
-2323691 -2323691 0
-2348752 -2348752 0
-2218750 -2218750 0
-2276273 -2276273 0
-2322428 -2322428 0
-2192451 -2192451 0
-2271371 -2271371 0
-2296030 -2296030 0
-2218750 -2218750 0
-2386642 -2386642 0
-2358418 -2358418 0
-2271496 -2271496 0
-2223614 -2223614 0
-2281250 -2281250 0
-2165928 -2165928 0
-2261942 -2261942 0
-2329306 -2329306 0
-2245198 -2245198 0
-2281250 -2281250 0
-2259553 -2259553 0
-2245235 -2245235 0
-2387242 -2387242 0
-2295468 -2295468 0
-2112657 -2112657 0
-2250000 -2250000 0
-2379701 -2379701 0
-2264068 -2264068 0
-2276573 -2276573 0
-2290578 -2290578 0
-2245348 -2245348 0
-2240721 -2240721 0
-2312500 -2312500 0
-2307885 -2307885 0
-2428296 -2428296 0
-2379589 -2379589 0
-2312500 -2312500 0
-2281250 -2281250 0
-2357405 -2357405 0
-2232367 -2232367 0
-2254526 -2254526 0
-2205557 -2205557 0
-2044755 -2044755 0
-1973239 -1973239 0
-1950930 -1950930 0
-1790178 -1790178 0
-1812500 -1812500 0
-1691939 -1691939 0
-1629426 -1629426 0
-1705507 -1705507 0
-1772446 -1772446 0
-1625000 -1625000 0
-1683123 -1683123 0
-1723114 -1723114 0
-1593750 -1593750 0
-1585071 -1585071 0
-1598076 -1598076 0
-1620685 -1620685 0
-1737094 -1737094 0
-1816789 -1816789 0
-1745723 -1745723 0
-1750000 -1750000 0
-1781250 -1781250 0
-1695978 -1695978 0
-1862319 -1862319 0
-1883428 -1883428 0
-1758403 -1758403 0
-1820878 -1820878 0
-1883353 -1883353 0
-1816664 -1816664 0
-1835446 -1835446 0
-1977028 -1977028 0
-1910376 -1910376 0
-1956407 -1956407 0
-2008203 -2008203 0
-1972839 -1972839 0
-2027173 -2027173 0
-2066564 -2066564 0
-1949654 -1949654 0
-1968750 -1968750 0
-2012079 -2012079 0
-1964735 -1964735 0
-1991996 -1991996 0
-2039228 -2039228 0
-1976703 -1976703 0
-1992071 -1992071 0
-2007903 -2007903 0
-1945378 -1945378 0
-2062500 -2062500 0
-2128914 -2128914 0
-2007803 -2007803 0
-2078193 -2078193 0
-2066376 -2066376 0
-1937500 -1937500 0
-2050945 -2050945 0
-1972589 -1972589 0
-1792729 -1792729 0
-1667692 -1667692 0
-1652448 -1652448 0
-1597539 -1597539 0
-1570053 -1570053 0
-1511292 -1511292 0
-1300007 -1300007 0
-1395033 -1395033 0
-1413702 -1413702 0
-1433786 -1433786 0
-1488895 -1488895 0
-1444877 -1444877 0
-1551470 -1551470 0
-1590086 -1590086 0
-1385954 -1385954 0
-1336472 -1336472 0
-1638117 -1638117 0
-1750000 -1750000 0
-1687500 -1687500 0
-1978466 -1978466 0
-2121423 -2121423 0
-2062500 -2062500 0
-2176845 -2176845 0
-2194577 -2194577 0
-2159776 -2159776 0
-2215236 -2215236 0
-2253501 -2253501 0
-2190988 -2190988 0
-2236094 -2236094 0
-2312500 -2312500 0
-2163152 -2163152 0
-2298744 -2298744 0
-2545368 -2545368 0
-2861344 -2861344 0
-3340986 -3340986 0
-3447666 -3447666 0
-2362282 -2362282 0
-868709 -868709 0
2069027 2069027 0
4587334 4587334 0
4438200 4438200 0
822403 822403 0
-2190351 -2190351 0
-3049344 -3049344 0
-2769657 -2769657 0
-2572291 -2572291 0
-2562500 -2562500 0
-2512955 -2512955 0
-2524797 -2524797 0
-2534463 -2534463 0
-2484756 -2484756 0
-2440688 -2440688 0
-2468750 -2468750 0
-2506327 -2506327 0
-2556197 -2556197 0
-2528111 -2528111 0
-2562500 -2562500 0
-2443727 -2443727 0
-2493797 -2493797 0
-2471838 -2471838 0
-2409326 -2409326 0
-2550245 -2550245 0
-2562500 -2562500 0
-2565538 -2565538 0
-2615921 -2615921 0
-2625000 -2625000 0
-2565501 -2565501 0
-2650272 -2650272 0
-2627976 -2627976 0
-2627963 -2627963 0
-2562500 -2562500 0
-2565438 -2565438 0
-2505852 -2505852 0
-2531250 -2531250 0
-2627901 -2627901 0
-2505777 -2505777 0
-2587997 -2587997 0
-2568227 -2568227 0
-2505702 -2505702 0
-2590911 -2590911 0
-2568152 -2568152 0
-2443127 -2443127 0
-2585346 -2585346 0
-2596538 -2596538 0
-2508328 -2508328 0
-2679209 -2679209 0
-2755502 -2755502 0
-2721488 -2721488 0
-2747273 -2747273 0
-2726890 -2726890 0
-2692902 -2692902 0
-2778561 -2778561 0
-2752676 -2752676 0
-2632990 -2632990 0
-2565151 -2565151 0
-2388192 -2388192 0
-2315126 -2315126 0
-2312500 -2312500 0
-2221351 -2221351 0
-1916604 -1916604 0
-1994847 -1994847 0
-2031250 -2031250 0
-1882653 -1882653 0
-1992384 -1992384 0
-2062500 -2062500 0
-1937500 -1937500 0
-1908751 -1908751 0
-1995023 -1995023 0
-1877475 -1877475 0
-1903786 -1903786 0
-2000000 -2000000 0
-1968750 -1968750 0
-2052796 -2052796 0
-2093750 -2093750 0
-1971150 -1971150 0
-2026473 -2026473 0
-2091374 -2091374 0
-1884453 -1884453 0
-1990596 -1990596 0
-2057823 -2057823 0
-2000000 -2000000 0
-2118059 -2118059 0
-2160851 -2160851 0
-2158538 -2158538 0
-2243172 -2243172 0
-2163040 -2163040 0
-2125000 -2125000 0
-2189738 -2189738 0
-2216524 -2216524 0
-2095963 -2095963 0
-2183098 -2183098 0
-2218750 -2218750 0
-2160601 -2160601 0
-2185336 -2185336 0
-2279099 -2279099 0
-2193915 -2193915 0
-2245748 -2245748 0
-2254226 -2254226 0
-2100052 -2100052 0
-2187500 -2187500 0
-2127075 -2127075 0
-2125000 -2125000 0
-2154199 -2154199 0
-2245923 -2245923 0
-2099827 -2099827 0
-2185486 -2185486 0
-2216749 -2216749 0
-2095738 -2095738 0
-2121048 -2121048 0
-2218750 -2218750 0
-1974602 -1974602 0
-1968750 -1968750 0
-1882703 -1882703 0
-1757653 -1757653 0
-1744297 -1744297 0
-1663803 -1663803 0
-1439375 -1439375 0
-1525660 -1525660 0
-1564350 -1564350 0
-1560661 -1560661 0
-1652598 -1652598 0
-1805247 -1805247 0
-1720550 -1720550 0
-1595538 -1595538 0
-1713422 -1713422 0
-1873236 -1873236 0
-2083245 -2083245 0
-2189238 -2189238 0
-2187500 -2187500 0
-2307360 -2307360 0
-2253401 -2253401 0
-2222126 -2222126 0
-2340398 -2340398 0
-2376663 -2376663 0
-2225352 -2225352 0
-2401335 -2401335 0
-2437500 -2437500 0
-2253226 -2253226 0
-2371798 -2371798 0
-2376588 -2376588 0
-2314075 -2314075 0
-2523434 -2523434 0
-2900047 -2900047 0
-3029711 -3029711 0
-3459596 -3459596 0
-2838222 -2838222 0
-1198266 -1198266 0
1093749 1093749 0
4057122 4057122 0
5302258 5302258 0
3108130 3108130 0
-1220463 -1220463 0
-2855042 -2855042 0
-2941739 -2941739 0
-2663252 -2663252 0
-2534026 -2534026 0
-2593750 -2593750 0
-2505452 -2505452 0
-2408951 -2408951 0
-2498661 -2498661 0
-2565151 -2565151 0
-2500000 -2500000 0
-2531250 -2531250 0
-2628864 -2628864 0
-2532525 -2532525 0
-2683710 -2683710 0
-2720000 -2720000 0
-2623762 -2623762 0
-2597426 -2597426 0
-2657462 -2657462 0
-2625000 -2625000 0
-2653874 -2653874 0
-2626175 -2626175 0
-2562500 -2562500 0
-2622699 -2622699 0
-2627275 -2627275 0
-2473251 -2473251 0
-2591524 -2591524 0
-2627200 -2627200 0
-2594837 -2594837 0
-2655174 -2655174 0
-2689625 -2689625 0
-2595850 -2595850 0
-2655212 -2655212 0
-2689550 -2689550 0
-2657262 -2657262 0
-2594750 -2594750 0
-2686512 -2686512 0
-2595700 -2595700 0
-2531250 -2531250 0
-2595650 -2595650 0
-2625000 -2625000 0
-2715973 -2715973 0
-2749087 -2749087 0
-2685699 -2685699 0
-2842862 -2842862 0
-2906250 -2906250 0
-2906250 -2906250 0
-2936649 -2936649 0
-3032087 -3032087 0
-2844575 -2844575 0
-2844562 -2844562 0
-2752400 -2752400 0
-2595325 -2595325 0
-2530474 -2530474 0
-2408538 -2408538 0
-2281250 -2281250 0
-2311024 -2311024 0
-2221651 -2221651 0
-2063925 -2063925 0
-2062500 -2062500 0
-2094437 -2094437 0
-1908275 -1908275 0
-1999337 -1999337 0
-2000000 -2000000 0
-1938137 -1938137 0
-1968124 -1968124 0
-2001225 -2001225 0
-1938700 -1938700 0
-2061324 -2061324 0
-2063650 -2063650 0
-2031250 -2031250 0
-2122799 -2122799 0
-2126075 -2126075 0
-1969275 -1969275 0
-2123461 -2123461 0
-2156250 -2156250 0
-2063475 -2063475 0
-2155299 -2155299 0
-2219212 -2219212 0
-2063400 -2063400 0
-2155374 -2155374 0
-2312074 -2312074 0
-2125825 -2125825 0
-2247999 -2247999 0
-2126162 -2126162 0
-2093750 -2093750 0
-2092662 -2092662 0
-2187850 -2187850 0
-2125337 -2125337 0
-2186524 -2186524 0
-2250625 -2250625 0
-2187800 -2187800 0
-2280099 -2280099 0
-2250000 -2250000 0
-2156512 -2156512 0
-2218750 -2218750 0
-2250237 -2250237 0
-2156250 -2156250 0
-2218537 -2218537 0
-2218950 -2218950 0
-2094312 -2094312 0
-2218049 -2218049 0
-2125162 -2125162 0
-2124699 -2124699 0
-2187362 -2187362 0
-2187625 -2187625 0
-2062612 -2062612 0
-2062500 -2062500 0
-1906687 -1906687 0
-1718900 -1718900 0
-1781187 -1781187 0
-1718900 -1718900 0
-1531362 -1531362 0
-1500000 -1500000 0
-1468762 -1468762 0
-1375000 -1375000 0
