-906250
-906250
-906250
-906250
-906250
-906250
-906250
-906250
-750000
-843750
-906250
-937500
-1000000
-968750
-1000000
-1093750
-1125000
-1156250
-1062500
-968750
-1093750
-1125000
-1187500
-1125000
-968750
-843750
-968750
-1187500
-1281250
-1468750
-1406250
-1531250
-1562500
-1625000
-1718750
-1718750
-1718750
-1656250
-1593750
-1656250
-1718750
-1812500
-1812500
-1812500
-1812500
-1781250
-1843750
-1906250
-1781250
-1718750
-1718750
-1750000
-1781250
-1906250
-1812500
-1875000
-1750000
-1812500
-1875000
-1968750
-2000000
-2093750
-2250000
-2406250
-2406250
-2531250
-2843750
-3031250
-3031250
-2656250
-2062500
-1375000
-437500
750000
2343750
3875000
4875000
5250000
4781250
3250000
1062500
-1031250
-2281250
-2718750
-2656250
-2312500
-2062500
-2031250
-2093750
-2156250
-2062500
-2031250
-1968750
-1937500
-2000000
-2093750
-2125000
-2031250
-2156250
-2093750
-2062500
-2093750
-2062500
-2031250
-2062500
-2062500
-2156250
-2218750
-2093750
-2031250
-1906250
-2000000
-2000000
-2062500
-2125000
-2093750
-2125000
-2156250
-2218750
-2218750
-2125000
-2062500
-2062500
-2062500
-2125000
-2187500
-2031250
-2031250
-2062500
-2062500
-2093750
-2093750
-2125000
-2062500
-2125000
-2187500
-2218750
-2187500
-2156250
-2062500
-2000000
-2093750
-2062500
-2156250
-2062500
-2093750
-2093750
-2156250
-2156250
-2218750
-2125000
-2125000
-2093750
-2062500
-2187500
-2187500
-2156250
-2093750
-2093750
-2093750
-2187500
-2218750
-2218750
-2156250
-2156250
-2093750
-2187500
-2250000
-2250000
-2250000
-2281250
-2250000
-2312500
-2406250
-2312500
-2250000
-2218750
-2250000
-2343750
-2343750
-2281250
-2281250
-2250000
-2250000
-2281250
-2312500
-2218750
-2062500
-2031250
-2031250
-2093750
-2125000
-1968750
-1875000
-1875000
-1812500
-1843750
-1812500
-1781250
-1718750
-1593750
-1562500
-1562500
-1656250
-1593750
-1531250
-1437500
-1531250
-1531250
-1593750
-1593750
-1500000
-1562500
-1593750
-1531250
-1593750
-1562500
-1562500
-1656250
-1625000
-1625000
-1656250
-1687500
-1656250
-1625000
-1718750
-1750000
-1812500
-1718750
-1687500
-1625000
-1750000
-1750000
-1781250
-1718750
-1718750
-1656250
-1687500
-1781250
-1812500
-1750000
-1718750
-1781250
-1750000
-1875000
-1875000
-1906250
-1843750
-1875000
-1937500
-1937500
-1906250
-1843750
-1781250
-1781250
-1812500
-1843750
-1937500
-1812500
-1843750
-1875000
-1906250
-1937500
-2031250
-1937500
-1875000
-1812500
-1937500
-2031250
-2062500
-1968750
-1875000
-1906250
-1937500
-2000000
-2062500
-2031250
-1968750
-1937500
-1906250
-1906250
-1937500
-1875000
-1906250
-1812500
-1875000
-1875000
-1906250
-1906250
-1812500
-1750000
-1843750
-1906250
-1968750
-1906250
-1843750
-1812500
-1750000
-1687500
-1718750
-1718750
-1687500
-1562500
-1562500
-1593750
-1406250
-1375000
-1281250
-1250000
-1281250
-1343750
-1437500
-1375000
-1406250
-1406250
-1406250
-1437500
-1468750
-1500000
-1468750
-1375000
-1312500
-1281250
-1531250
-1781250
-1781250
-1875000
-1937500
-2062500
-2062500
-2031250
-1968750
-2000000
-1968750
-2031250
-2125000
-2156250
-2125000
-2125000
-2187500
-2156250
-2218750
-2062500
-2093750
-2062500
-2000000
-2156250
-2218750
-2125000
-2062500
-2031250
-2062500
-2187500
-2281250
-2250000
-2375000
-2656250
-2781250
-2968750
-3187500
-3343750
-3156250
-2593750
-1875000
-1000000
-93750
1468750
3062500
4500000
5468750
5875000
5656250
4718750
3062500
1031250
-687500
-1687500
-2437500
-2812500
-2968750
-2843750
-2656250
-2437500
-2437500
-2406250
-2437500
-2375000
-2375000
-2375000
-2468750
-2406250
-2406250
-2406250
-2343750
-2468750
-2562500
-2562500
-2500000
-2468750
-2437500
-2531250
-2468750
-2406250
-2343750
-2437500
-2437500
-2531250
-2562500
-2562500
-2437500
-2437500
-2468750
-2531250
-2593750
-2500000
-2562500
-2531250
-2562500
-2593750
-2562500
-2500000
-2500000
-2468750
-2437500
-2531250
-2562500
-2437500
-2437500
-2406250
-2406250
-2562500
-2531250
-2468750
-2437500
-2343750
-2437500
-2468750
-2562500
-2500000
-2437500
-2437500
-2406250
-2531250
-2593750
-2593750
-2500000
-2468750
-2531250
-2593750
-2625000
-2625000
-2562500
-2593750
-2656250
-2625000
-2718750
-2687500
-2687500
-2625000
-2687500
-2812500
-2843750
-2812500
-2718750
-2781250
-2812500
-2843750
-2937500
-2875000
-2843750
-2812500
-2843750
-2937500
-2968750
-2875000
-2812500
-2781250
-2750000
-2718750
-2750000
-2562500
-2468750
-2312500
-2281250
-2250000
-2281250
-2125000
-2031250
-1968750
-2000000
-2062500
-2062500
-2000000
-1937500
-1875000
-1875000
-2000000
-2000000
-1968750
-1906250
-1906250
-1843750
-2000000
-2062500
-1906250
-1937500
-1875000
-1875000
-2000000
-2031250
-1937500
-1906250
-1968750
-1906250
-1968750
-1968750
-1937500
-1843750
-1812500
-1906250
-1937500
-2000000
-1968750
-1875000
-1968750
-1968750
-1968750
-2062500
-1968750
-2000000
-1968750
-2031250
-2093750
-2125000
-2093750
-2093750
-2062500
-2031250
-2156250
-2187500
-2156250
-2093750
-2062500
-2062500
-2156250
-2156250
-2156250
-2000000
-2062500
-2093750
-2125000
-2218750
-2093750
-2062500
-2062500
-2093750
-2218750
-2250000
-2218750
-2187500
-2125000
-2156250
-2156250
-2156250
-2156250
-2062500
-2062500
-2093750
-2156250
-2187500
-2187500
-2125000
-2062500
-2156250
-2156250
-2218750
-2187500
-2125000
-2062500
-2125000
-2125000
-2125000
-2062500
-2093750
-2062500
-2093750
-2156250
-2156250
-2125000
-2062500
-1968750
-1843750
-1875000
-1843750
-1781250
-1718750
-1656250
-1656250
-1656250
-1593750
-1562500
-1500000
-1406250
-1343750
-1500000
-1531250
-1500000
-1531250
-1468750
-1531250
-1562500
-1718750
-1718750
-1656250
-1562500
-1406250
-1375000
-1437500
-1656250
-1687500
-1750000
-1781250
-1906250
-2000000
-2125000
-2062500
-2093750
-2093750
-2218750
-2312500
-2250000
-2156250
-2187500
-2218750
-2281250
-2343750
-2375000
-2312500
-2281250
-2281250
-2375000
-2406250
-2375000
-2343750
-2218750
-2312500
-2437500
-2531250
-2562500
-2718750
-2906250
-3062500
-3250000
-3468750
-3562500
-3281250
-2531250
-1562500
-562500
750000
2562500
4312500
5531250
6000000
5312500
3250000
312500
-2000000
-3125000
-3156250
-2781250
-2593750
-2468750
-2437500
-2468750
-2437500
-2468750
-2531250
-2468750
-2531250
-2437500
-2468750
-2468750
-2562500
-2531250
-2500000
-2500000
-2593750
-2531250
-2625000
-2593750
-2531250
-2531250
-2625000
-2625000
-2718750
-2625000
-2562500
-2562500
-2531250
-2656250
-2687500
-2625000
-2593750
-2562500
-2562500
-2656250
-2625000
-2500000
-2468750
-2500000
-2500000
-2468750
-2593750
-2531250
-2437500
-2500000
-2500000
-2593750
-2656250
-2656250
-2593750
-2593750
-2562500
-2656250
-2656250
-2625000
-2593750
-2500000
-2500000
-2562500
-2656250
-2562500
-2531250
-2468750
-2500000
-2500000
-2531250
-2406250
-2500000
-2437500
-2437500
-2500000
-2593750
-2531250
-2531250
-2562500
-2593750
-2625000
-2625000
-2656250
-2593750
-2593750
-2562500
-2718750
-2687500
-2718750
-2625000
-2625000
-2625000
-2625000
-2656250
-2656250
-2593750
-2468750
-2468750
-2437500
-2343750
-2250000
-2125000
-2093750
-2062500
-2093750
-2093750
-2031250
-2000000
-1906250
-1906250
-1968750
-1937500
-1906250
-1875000
-1875000
-1875000
-1937500
-1937500
-1937500
-1968750
-1875000
-1906250
-1968750
-2000000
-2031250
-1937500
-1906250
-1906250
-2000000
-2031250
-1906250
-1937500
-1843750
-1937500
-2031250
-2062500
-2000000
-2000000
-2000000
-2031250
-2187500
-2187500
-2125000
-2093750
-2062500
-2093750
-2125000
-2250000
-2187500
-2187500
-2218750
-2250000
-2218750
-2281250
-2218750
-2187500
-2125000
-2218750
-2187500
-2281250
-2281250
-2187500
-2218750
-2187500
-2312500
-2375000
-2312500
-2250000
-2281250
-2250000
-2281250
-2375000
-2312500
-2281250
-2187500
-2187500
-2187500
-2312500
-2281250
-2156250
-2156250
-2125000
-2218750
-2281250
-2250000
-2218750
-2218750
-2218750
-2343750
-2406250
-2218750
-2250000
-2218750
-2250000
-2250000
-2312500
-2250000
-2156250
-2218750
-2156250
-2156250
-2156250
-2125000
-1937500
-1906250
-1906250
-1937500
-1906250
-1812500
-1781250
-1718750
-1750000
-1750000
-1718750
-1656250
-1593750
-1531250
-1625000
-1656250
-1718750
-1750000
-1656250
-1687500
-1718750
-1750000
-1718750
-1750000
-1718750
-1656250
-1593750
-1500000
-1625000
-1750000
-1937500
-1937500
-2156250
-2250000
-2375000
-2406250
-2375000
-2312500
-2343750
-2406250
-2437500
-2468750
-2406250
-2406250
-2406250
-2468750
-2531250
-2500000
-2343750
-2343750
-2437500
-2468750
-2593750
-2531250
-2500000
-2437500
-2531250
-2656250
-2875000
-2968750
-3156250
-3187500
-3281250
-3375000
-3750000
-4031250
-3937500
-3593749
-3093750
-2406250
-1687500
-718750
562500
2312500
3968750
5062500
5375000
4812500
2968750
406250
-1906250
-3125000
-3250000
-2968750
-2562500
-2437500
-2437500
-2500000
-2562500
-2531250
-2406250
-2437500
-2468750
-2531250
-2562500
-2531250
-2500000
-2437500
-2468750
-2562500
-2593750
-2562500
-2468750
-2531250
-2562500
-2531250
-2531250
-2562500
-2437500
-2406250
-2437500
-2468750
-2500000
-2500000
-2500000
-2468750
-2468750
-2531250
-2531250
-2500000
-2468750
-2406250
-2343750
-2406250
-2468750
-2437500
-2406250
-2343750
-2406250
-2468750
-2468750
-2406250
-2343750
-2343750
-2406250
-2468750
-2437500
-2437500
-2281250
-2343750
-2406250
-2468750
-2375000
-2406250
-2343750
-2375000
-2437500
-2375000
-2343750
-2343750
-2343750
-2343750
-2375000
-2437500
-2437500
-2281250
-2312500
-2343750
-2406250
-2437500
-2437500
-2343750
-2281250
-2406250
-2375000
-2437500
-2343750
-2343750
-2281250
-2312500
-2406250
-2468750
-2406250
-2406250
-2312500
-2281250
-2312500
-2343750
-2187500
-2093750
-2000000
-1968750
-2000000
-2031250
-1968750
-1843750
-1781250
-1875000
-1843750
-1781250
-1781250
-1750000
-1687500
-1750000
-1812500
-1843750
-1843750
-1812500
-1750000
-1812500
-1843750
-1937500
-1843750
-1781250
-1750000
-1718750
-1843750
-1906250
-1875000
-1843750
-1843750
-1781250
-1875000
-1906250
-1875000
-1843750
-1875000
-1906250
-1968750
-1937500
-1968750
-1843750
-1875000
-1937500
-2062500
-2125000
-2062500
-2000000
-2000000
-1968750
-2031250
-2093750
-2062500
-1968750
-2000000
-2000000
-2062500
-2156250
-2125000
-2093750
-2062500
-2093750
-2156250
-2187500
-2156250
-2125000
-2093750
-2093750
-2062500
-2093750
-2125000
-2093750
-2000000
-2125000
-2125000
-2187500
-2281250
-2250000
-2156250
-2156250
-2187500
-2187500
-2187500
-2125000
-2125000
-2156250
-2156250
-2375000
-2250000
-2250000
-2156250
-2156250
-2187500
-2218750
-2156250
-2062500
-2062500
-2093750
-2093750
-2125000
-2062500
-2000000
-1812500
-1812500
-1875000
-1906250
-1781250
-1750000
-1718750
-1750000
-1718750
-1687500
-1656250
-1562500
-1437500
-1531250
-1500000
-1593750
-1593750
-1531250
-1468750
-1593750
-1656250
-1625000
-1593750
-1687500
-1656250
-1750000
-1593750
-1562500
-1531250
-1656250
-1750000
-1875000
-1968750
-2031250
-2093750
-2156250
-2062500
-2093750
-2156250
-2250000
-2187500
-2125000
-2093750
-2156250
-2250000
-2281250
-2343750
-2312500
-2281250
-2281250
-2375000
-2343750
-2343750
-2281250
-2312500
-2250000
-2312500
-2375000
-2281250
-2250000
-2187500
-2218750
-2312500
-2406250
-2468750
-2687500
-2781250
-3031250
-3218750
-3531250
-3468750
-2968750
-2218750
-1375000
-343750
1156250
2968750
4406250
5125000
4875000
3343750
906250
-1250000
-2625000
-3125000
-3000000
-2812500
-2562500
-2500000
-2437500
-2437500
-2500000
-2531250
-2656250
-2656250
-2531250
-2468750
-2531250
-2531250
-2593750
-2531250
-2406250
-2437500
-2468750
-2468750
-2468750
-2468750
-2406250
-2437500
-2437500
-2500000
-2656250
-2562500
-2500000
-2468750
-2500000
-2531250
-2656250
-2593750
-2531250
-2531250
-2531250
-2562500
-2593750
-2531250
-2625000
-2531250
-2562500
-2562500
-2625000
-2593750
-2531250
-2468750
-2468750
-2468750
-2500000
-2468750
-2468750
-2531250
-2531250
-2625000
-2718750
-2593750
-2531250
-2468750
-2437500
-2593750
-2531250
-2531250
-2500000
-2468750
-2468750
-2531250
-2625000
-2593750
-2500000
-2468750
-2500000
-2531250
-2656250
-2656250
-2656250
-2625000
-2656250
-2812500
-2781250
-2812500
-2718750
-2781250
-2937500
-2843750
-2875000
-2750000
-2718750
-2656250
-2687500
-2781250
-2812500
-2781250
-2687500
-2625000
-2562500
-2656250
-2625000
-2531250
-2375000
-2312500
-2281250
-2281250
-2281250
-2156250
-2062500
-1968750
-1906250
-1906250
-2000000
-1937500
-1937500
-1906250
-1937500
-1968750
-2000000
-1968750
-1906250
-1906250
-1843750
-1937500
-2000000
-1937500
-1968750
-1843750
-1875000
-1906250
-1875000
-1781250
-1750000
-1812500
-1843750
-1906250
-2031250
-1906250
-1875000
-1875000
-1968750
-2031250
-2093750
-2031250
-1968750
-2000000
-2093750
-2062500
-2125000
-2031250
-2031250
-2000000
-1968750
-2093750
-2093750
-2156250
-2093750
-2031250
-2062500
-1968750
-2093750
-2062500
-2062500
-2062500
-2062500
-2093750
-2125000
-2062500
-2000000
-1968750
-2031250
-2093750
-2218750
-2156250
-2125000
-2093750
-2000000
-2031250
-2187500
-2062500
-1968750
-1968750
-2062500
-2062500
-2093750
-2093750
-2062500
-2062500
-2062500
-2125000
-2125000
-2125000
-2031250
-2031250
-2031250
-2156250
-2187500
-2125000
-2062500
-2000000
-1937500
-1906250
-1906250
-1718750
-1687500
-1593750
-1625000
-1656250
-1625000
-1562500
-1468750
-1468750
-1375000
-1468750
-1468750
-1375000
-1437500
-1406250
-1468750
-1531250
-1593750
-1500000
-1437500
-1437500
-1562500
-1593750
-1562500
-1437500
-1281250
-1218750
-1312500
-1437500
-1687500
-1687500
-1781250
-1781250
-1937500
-2062500
-2125000
-2125000
-2156250
-2187500
-2187500
-2125000
-2218750
-2156250
-2125000
-2125000
-2156250
-2218750
-2312500
-2218750
-2312500
-2156250
-2125000
-2250000
-2375000
-2250000
-2156250
-2187500
-2187500
-2218750
-2375000
-2437500
-2468750
-2656250
-2843750
-2968750
-3187500
-3406250
-3375000
-3093750
-2531250
-1843750
-1000000
250000
1968750
3718750
5000000
5531250
4968750
3250000
812500
-1343750
-2656250
-3125000
-3062500
-2812500
-2500000
-2437500
-2468750
-2468750
-2500000
-2437500
-2375000
-2406250
-2406250
-2500000
-2562500
-2562500
-2437500
-2437500
-2531250
-2531250
-2593750
-2562500
-2468750
-2468750
-2500000
-2593750
-2593750
-2593750
-2500000
-2437500
-2437500
-2562500
-2593750
-2531250
-2468750
-2468750
-2468750
-2531250
-2562500
-2562500
-2500000
-2437500
-2468750
-2562500
-2656250
-2593750
-2531250
-2562500
-2531250
-2593750
-2656250
-2656250
-2562500
-2468750
-2437500
-2500000
-2562500
-2562500
-2500000
-2437500
-2562500
-2625000
-2625000
-2593750
-2593750
-2531250
-2625000
-2593750
-2656250
-2562500
-2500000
-2531250
-2500000
-2500000
-2562500
-2500000
-2468750
-2468750
-2531250
-2562500
-2656250
-2656250
-2562500
-2562500
-2625000
-2687500
-2781250
-2750000
-2718750
-2687500
-2687500
-2812500
-2781250
-2781250
-2718750
-2718750
-2781250
-2750000
-2812500
-2687500
-2687500
-2593750
-2500000
-2500000
-2406250
-2281250
-2093750
-2062500
-2031250
-2062500
-2062500
-1937500
-1843750
-1781250
-1812500
-1812500
-1937500
-1843750
-1781250
-1750000
-1875000
-1812500
-1843750
-1812500
-1750000
-1718750
-1718750
-1812500
-1812500
-1781250
-1687500
-1687500
-1687500
-1718750
-1812500
-1781250
-1718750
-1718750
-1812500
-1843750
-1906250
-1843750
-1843750
-1781250
-1812500
-1875000
-1906250
-1937500
-1843750
-1875000
-1906250
-1937500
-2031250
-2031250
-1968750
-1937500
-1968750
-1968750
-2031250
-2000000
-1937500
-2000000
-1968750
-2062500
-2062500
-2000000
-1937500
-1937500
-1937500
-2062500
-2093750
-2062500
-2000000
-2031250
-2031250
-2062500
-2093750
-2062500
-2031250
-2031250
-2000000
-2031250
-2062500
-2031250
-1968750
-1906250
-2031250
-1968750
-2093750
-2062500
-1937500
-2000000
-2062500
-2062500
-2093750
-2062500
-2062500
-2000000
-2000000
-2062500
-2062500
-2031250
-1968750
-1968750
-1968750
-2062500
-2062500
-2000000
-1968750
-1906250
-1906250
-1843750
-1968750
-1875000
-1718750
-1593750
-1593750
-1625000
-1656250
-1593750
-1468750
-1437500
-1406250
-1375000
-1375000
-1343750
-1250000
-1281250
-1281250
-1406250
-1468750
-1500000
-1437500
-1343750
-1500000
-1500000
-1562500
-1468750
-1312500
-1250000
-1375000
-1593750
-1718750
-1781250
-1875000
-1906250
-2000000
-2062500
-2031250
-2000000
-2062500
-2062500
-2093750
-2125000
-2156250
-2125000
-2093750
-2000000
-2031250
-2093750
-2156250
-2156250
-2156250
-2093750
-2125000
-2156250
-2218750
-2125000
-2125000
-2125000
-2125000
-2156250
-2218750
-2281250
-2312500
-2531250
-2781250
-3000000
-3093750
-3250000
-3343750
-3156250
-2593750
-1750000
-843750
406250
1875000
3625000
5062500
5906250
5750000
4843750
2781250
125000
-1843750
-2781250
-2937500
-2656250
-2375000
-2250000
-2250000
-2312500
-2375000
-2375000
-2343750
-2312500
-2281250
-2312500
-2406250
-2406250
-2343750
-2312500
-2312500
-2406250
-2468750
-2406250
-2406250
-2437500
-2406250
-2468750
-2562500
-2500000
-2468750
-2375000
-2468750
-2468750
-2500000
-2500000
-2468750
-2437500
-2437500
-2468750
-2531250
-2437500
-2406250
-2343750
-2343750
-2375000
-2437500
-2406250
-2312500
-2312500
-2312500
-2343750
-2406250
-2312500
-2437500
-2343750
-2312500
-2375000
-2437500
-2437500
-2406250
-2343750
-2343750
-2406250
-2468750
-2437500
-2406250
-2343750
-2375000
-2406250
-2437500
-2375000
-2375000
-2312500
-2312500
-2281250
-2437500
-2281250
-2281250
-2250000
-2343750
-2375000
-2500000
-2437500
-2343750
-2343750
-2312500
-2406250
-2437500
-2437500
-2437500
-2437500
-2343750
-2406250
-2468750
-2375000
-2312500
-2343750
-2343750
-2437500
-2531250
-2343750
-2312500
-2250000
-2343750
-2406250
-2375000
-2312500
-2250000
-2156250
-2156250
-2062500
-2062500
-1968750
-1937500
-1843750
-1781250
-1781250
-1843750
-1750000
-1687500
-1750000
-1750000
-1750000
-1812500
-1812500
-1750000
-1718750
-1750000
-1781250
-1812500
-1812500
-1750000
-1750000
-1781250
-1812500
-1875000
-1843750
-1781250
-1750000
-1781250
-1781250
-1843750
-1781250
-1750000
-1718750
-1750000
-1812500
-1937500
-1906250
-1781250
-1687500
-1687500
-1718750
-1781250
-1781250
-1687500
-1656250
-1656250
-1656250
-1750000
-1656250
-1531250
-1468750
-1468750
-1562500
-1562500
-1531250
-1343750
-1375000
-1531250
-1593750
-1437500
-1281250
-1312500
-1375000
-1437500
-1500000
-1500000
-1531250
-1562500
-1687500
-1781250
-1968750
-2000000
-2000000
-1937500
-2062500
-2125000
-2156250
-2250000
-2281250
-2250000
-2187500
-2218750
-2343750
-2406250
-2343750
-2312500
-2281250
-2281250
-2312500
-2375000
-2250000
-2187500
-2218750
-2218750
-2187500
-2281250
-2187500
-2187500
-2125000
-2218750
-2187500
-2343750
-2281250
-2343750
-2500000
-2687500
-2968750
-3250000
-3250000
-3437500
-3562500
-3375000
-2781250
-1906250
-875000
156250
1625000
3187500
4593750
5281250
5468750
4593750
2500000
-156250
-2093750
-3000000
-2937500
-2593750
-2343750
-2281250
-2406250
-2500000
-2375000
-2437500
-2343750
-2406250
-2468750
-2531250
-2437500
-2375000
-2406250
-2406250
-2468750
-2500000
-2531250
-2500000
-2437500
-2437500
-2468750
-2500000
-2437500
-2406250
-2437500
-2406250
-2562500
-2625000
-2531250
-2562500
-2437500
-2437500
-2437500
-2500000
-2500000
-2437500
-2343750
-2375000
-2468750
-2500000
-2437500
-2500000
-2437500
-2468750
-2562500
-2593750
-2531250
-2406250
-2406250
-2375000
-2500000
-2500000
-2468750
-2437500
-2375000
-2343750
-2468750
-2468750
-2406250
-2375000
-2343750
-2406250
-2437500
-2500000
-2500000
-2406250
-2375000
-2468750
-2437500
-2500000
-2468750
-2406250
-2375000
-2406250
-2468750
-2531250
-2500000
-2437500
-2375000
-2375000
-2406250
-2531250
-2468750
-2500000
-2437500
-2500000
-2531250
-2656250
-2625000
-2531250
-2500000
-2531250
-2531250
-2593750
-2500000
-2437500
-2375000
-2406250
-2468750
-2531250
-2437500
-2312500
-2312500
-2312500
-2406250
-2312500
-2218750
-2156250
-2125000
-2093750
-2125000
-2218750
-2093750
-2031250
-1937500
-1906250
-1906250
-2000000
-1968750
-1937500
-1906250
-1906250
-2062500
-2031250
-2156250
-2031250
-1968750
-1968750
-1906250
-1937500
-1937500
-1875000
-1906250
-1906250
-1968750
-2000000
-2031250
-1968750
-1906250
-1968750
-2031250
-2031250
-2062500
-1968750
-1968750
-1937500
-2062500
-2125000
-2093750
-2062500
-2156250
-2218750
-2281250
-2312500
-2156250
-2125000
-2125000
-2156250
-2250000
-2281250
-2250000
-2250000
-2156250
-2218750
-2281250
-2187500
-2250000
-2187500
-2125000
-2156250
-2218750
-2312500
-2187500
-2187500
-2187500
-2156250
-2187500
-2218750
-2250000
-2156250
-2218750
-2187500
-2250000
-2312500
-2218750
-2218750
-2187500
-2218750
-2250000
-2437500
-2406250
-2250000
-2250000
-2312500
-2312500
-2437500
-2343750
-2312500
-2187500
-2125000
-2156250
-2250000
-2250000
-2187500
-2187500
-2093750
-2250000
-2281250
-2281250
-2250000
-2250000
-2281250
-2343750
-2406250
-2406250
-2281250
-2312500
-2343750
-2312500
-2343750
-2281250
-2218750
-2218750
-2250000
-2281250
-2312500
-2250000
-2187500
-2125000
-2156250
-2125000
-2187500
-2156250
-2187500
-2250000
-2187500
-2250000
-2312500
-2250000
-2250000
-2218750
-2250000
-2343750
-2343750
-2312500
-2187500
-2218750
-2250000
-2281250
-2343750
-2312500
-2281250
-2250000
-2218750
-2250000
-2250000
-2187500
-2125000
-2156250
-2156250
-2218750
-2250000
-2250000
-2281250
-2156250
-2218750
-2187500
-2250000
-2218750
-2250000
-2156250
-2093750
-2062500
-2062500
-1937500
-1906250
-1875000
-1906250
-1843750
-1906250
-1781250
-1718750
-1656250
-1593750
-1593750
-1625000
-1656250
-1593750
-1593750
-1625000
-1750000
-1812500
-1750000
-1687500
-1593750
-1718750
-1812500
-2000000
-1875000
-1843750
-1687500
-1656250
-1687500
-1781250
-1875000
-1937500
-1968750
-2000000
-2187500
-2312500
-2281250
-2281250
-2281250
-2312500
-2312500
-2312500
-2375000
-2250000
-2343750
-2343750
-2500000
-2625000
-2531250
-2500000
-2406250
-2375000
-2500000
-2593750
-2531250
-2468750
-2468750
-2468750
-2562500
-2687500
-2750000
-2843750
-3062500
-3031250
-3250000
-3562500
-3593749
-3281250
-2625000
-1906250
-1187500
-125000
1375000
3031250
4468750
5281250
5531250
4937500
3500000
1406250
-437500
-1781250
-2656250
-3125000
-3437500
-3343750
-3125000
-2906250
-2812500
-2812500
-2718750
-2625000
-2562500
-2562500
-2593750
-2625000
-2656250
-2625000
-2687500
-2687500
-2750000
-2812500
-2812500
-2687500
-2687500
-2687500
-2781250
-2781250
-2750000
-2656250
-2687500
-2687500
-2656250
-2781250
-2781250
-2687500
-2718750
-2718750
-2781250
-2781250
-2718750
-2687500
-2656250
-2687500
-2687500
-2750000
-2625000
-2687500
-2656250
-2687500
-2750000
-2750000
-2687500
-2687500
-2593750
-2656250
-2687500
-2843750
-2781250
-2781250
-2687500
-2687500
-2750000
-2750000
-2718750
-2687500
-2593750
-2593750
-2656250
-2656250
-2625000
-2531250
-2531250
-2593750
-2593750
-2656250
-2687500
-2531250
-2531250
-2531250
-2531250
-2687500
-2593750
-2562500
-2593750
-2687500
-2781250
-2906250
-2875000
-2812500
-2843750
-2875000
-2906250
-3031250
-3093750
-2968750
-3062500
-3125000
-3093750
-3218750
-3125000
-3031250
-3062500
-3031250
-3125000
-3125000
-3062500
-3000000
-2875000
-2875000
-2937500
-2906250
-2750000
-2687500
-2656250
-2562500
-2562500
-2500000
-2437500
-2375000
-2218750
-2187500
-2218750
-2187500
-2125000
-2062500
-2031250
-1906250
-2000000
-1968750
-1906250
-1875000
-1906250
-1906250
-1937500
-2062500
-1937500
-1968750
-1968750
-2000000
-2031250
-2031250
-2031250
-1937500
-1937500
-1968750
-2031250
-2062500
-2031250
-2031250
-1968750
-2000000
-2062500
-2093750
-2062500
-1968750
-2000000
-2000000
-2093750
-2093750
-2031250
-2031250
-2000000
-2000000
-2031250
-2187500
-2156250
-2156250
-2093750
-2156250
-2218750
-2218750
-2218750
-2156250
-2093750
-2093750
-2156250
-2218750
-2125000
-2093750
-2062500
-2093750
-2156250
-2187500
-2187500
-2125000
-2093750
-2062500
-2250000
-2218750
-2156250
-2093750
-2156250
-2187500
-2250000
-2375000
-2312500
-2156250
-2156250
-2187500
-2218750
-2281250
-2250000
-2156250
-2156250
-2187500
-2250000
-2250000
-2187500
-2218750
-2125000
-2156250
-2218750
-2218750
-2218750
-2125000
-2125000
-2156250
-2281250
-2312500
-2187500
-2062500
-2000000
-1968750
-1843750
-1906250
-1843750
-1875000
-1781250
-1718750
-1625000
-1718750
-1656250
-1625000
-1562500
-1531250
-1593750
-1656250
-1625000
-1625000
-1562500
-1625000
-1750000
-1750000
-1718750
-1781250
-1750000
-1593750
-1531250
-1531250
-1625000
-1781250
-1812500
-1875000
-2000000
-2093750
-2218750
-2187500
-2218750
-2218750
-2343750
-2406250
-2375000
-2250000
-2187500
-2250000
-2281250
-2312500
-2312500
-2281250
-2250000
-2281250
-2312500
-2406250
-2406250
-2281250
-2250000
-2375000
-2406250
-2468750
-2468750
-2406250
-2375000
-2468750
-2656250
-2906250
-3125000
-3218750
-3312500
-3500000
-3656250
-3312500
-2562500
-1593750
-656250
656250
2218750
3750000
5062500
5562500
5187500
3625000
1156250
-1281250
-2812500
-3281250
-3093750
-2906250
-2718750
-2593750
-2593750
-2593750
-2500000
-2468750
-2531250
-2656250
-2718750
-2593750
-2593750
-2593750
-2593750
-2687500
-2625000
-2562500
-2531250
-2625000
-2562500
-2625000
-2500000
-2468750
-2406250
-2500000
-2500000
-2500000
-2500000
-2468750
-2500000
-2500000
-2500000
-2562500
-2468750
-2562500
-2500000
-2468750
-2531250
-2562500
-2593750
-2531250
-2500000
-2468750
-2531250
-2593750
-2531250
-2593750
-2562500
-2531250
-2531250
-2562500
-2531250
-2500000
-2468750
-2531250
-2531250
-2500000
-2468750
-2437500
-2468750
-2437500
-2468750
-2625000
-2593750
-2531250
-2500000
-2500000
-2593750
-2625000
-2562500
-2468750
-2500000
-2531250
-2593750
-2718750
-2593750
-2593750
-2500000
-2531250
-2625000
-2687500
-2656250
-2562500
-2562500
-2531250
-2593750
-2656250
-2656250
-2625000
-2562500
-2562500
-2625000
-2687500
-2656250
-2625000
-2531250
-2593750
-2562500
-2562500
-2406250
-2312500
-2250000
-2187500
-2187500
-2187500
-2093750
-2000000
-1906250
-1968750
-1968750
-2000000
-1906250
-1906250
-1843750
-1812500
-1843750
-1843750
-1781250
-1781250
-1687500
-1750000
-1750000
-1843750
-1750000
-1781250
-1718750
-1781250
-1843750
-1906250
-1843750
-1781250
-1781250
-1812500
-1875000
-1937500
-1843750
-1875000
-1812500
-1781250
-1906250
-1937500
-1875000
-1843750
-1906250
-1875000
-1906250
-2000000
-2000000
-1937500
-1875000
-1937500
-2000000
-2125000
-2062500
-1937500
-1968750
-2031250
-2031250
-2156250
-2062500
-2000000
-2000000
-2093750
-2093750
-2218750
-2125000
-2000000
-1968750
-2062500
-2125000
-2125000
-2187500
-2062500
-2062500
-2125000
-2187500
-2218750
-2156250
-2093750
-2093750
-2125000
-2125000
-2156250
-2093750
-2093750
-2031250
-2031250
-2093750
-2125000
-2125000
-2000000
-1968750
-2000000
-2093750
-2093750
-2000000
-2031250
-1968750
-2000000
-2000000
-2156250
-2093750
-2000000
-1937500
-2000000
-2000000
-2125000
-2062500
-2000000
-1937500
-1937500
-1937500
-1843750
-1750000
-1593750
-1562500
-1562500
-1593750
-1625000
-1500000
-1375000
-1437500
-1437500
-1343750
-1375000
-1406250
-1437500
-1437500
-1468750
-1531250
-1593750
-1500000
-1468750
-1531250
-1468750
-1437500
-1375000
-1218750
-1375000
-1531250
-1625000
-1687500
-1812500
-1875000
-1906250
-1906250
-2000000
-2062500
-2187500
-2187500
-2093750
-2093750
-2093750
-2125000
-2187500
-2187500
-2156250
-2093750
-2156250
-2218750
-2312500
-2187500
-2156250
-2093750
-2093750
-2093750
-2218750
-2218750
-2156250
-2218750
-2468750
-2812500
-3000000
-3156250
-3281250
-3406250
-3125000
-2468750
-1593750
-437500
906250
2656250
4281250
5468750
5781250
4968750
2937500
125000
-2031250
-2937500
-3031250
-2562500
-2281250
-2218750
-2281250
-2375000
-2406250
-2375000
-2312500
-2312500
-2343750
-2406250
-2468750
-2406250
-2375000
-2406250
-2343750
-2437500
-2531250
-2531250
-2437500
-2406250
-2406250
-2437500
-2562500
-2500000
-2437500
-2406250
-2406250
-2468750
-2437500
-2468750
-2375000
-2343750
-2375000
-2406250
-2500000
-2406250
-2375000
-2343750
-2375000
-2468750
-2468750
-2406250
-2343750
-2312500
-2281250
-2406250
-2468750
-2406250
-2406250
-2312500
-2343750
-2312500
-2343750
-2343750
-2312500
-2218750
-2281250
-2375000
-2343750
-2312500
-2375000
-2281250
-2312500
-2343750
-2437500
-2375000
-2343750
-2375000
-2312500
-2343750
-2375000
-2406250
-2406250
-2312500
-2343750
-2343750
-2375000
-2375000
-2375000
-2375000
-2343750
-2437500
-2468750
-2406250
-2406250
-2343750
-2343750
-2406250
-2406250
-2437500
-2312500
-2281250
-2281250
-2343750
-2406250
-2187500
-2156250
-2031250
-2031250
-2062500
-2031250
-2031250
-1968750
-1968750
-1968750
-1875000
-1875000
-1781250
-1687500
-1656250
-1625000
-1718750
-1781250
-1656250
-1593750
-1562500
-1687500
-1750000
-1781250
-1781250
-1750000
-1687500
-1687500
-1687500
-1781250
-1750000
-1718750
-1687500
-1656250
-1718750
-1812500
-1781250
-1781250
-1718750
-1687500
-1750000
-1843750
-1750000
-1687500
-1687500
-1718750
-1781250
-1875000
-1843750
-1812500
-1843750
-1875000
-1812500
-1906250
-1843750
-1812500
-1843750
-1812500
-1937500
-2000000
-1968750
-1968750
-1875000
-1906250
-1968750
-2062500
-2000000
-1906250
-1968750
-1906250
-1968750
-2031250
-1937500
-1843750
-1875000
-1906250
-1937500
-2031250
-1968750
-1968750
-1906250
-1906250
-2031250
-2000000
-2000000
-1937500
-1906250
-2000000
-2000000
-2000000
-1937500
-1906250
-1812500
-1781250
-1812500
-1906250
-1937500
-1875000
-1875000
-1937500
-1968750
-1968750
-1937500
-1843750
-1875000
-1843750
-1968750
-1937500
-1812500
-1656250
-1500000
-1593750
-1500000
-1562500
-1406250
-1406250
-1343750
-1312500
-1250000
-1218750
-1218750
-1125000
-1093750
-1125000
-1281250
-1343750
-1312500
-1312500
-1312500
-1312500
-1343750
-1406250
-1312500
-1125000
-1062500
-1156250
-1500000
-1593750
-1593750
-1687500
-1718750
-1781250
-1875000
-1875000
-1968750
-1906250
-1875000
-1843750
-1875000
-1968750
-1937500
-1937500
-1875000
-1875000
-1906250
-1968750
-2031250
-2000000
-2000000
-2000000
-2031250
-2125000
-2093750
-2031250
-1968750
-2000000
-2156250
-2312500
-2468750
-2656250
-2781250
-2906250
-3187500
-3312500
-3031250
-2312500
-1468750
-562500
656250
2343750
4093750
5125000
5406250
4593750
2812500
375000
-1687500
-2687500
-2875000
-2593750
-2406250
-2281250
-2218750
-2218750
-2156250
-2187500
-2187500
-2250000
-2156250
-2125000
-2125000
-2093750
-2093750
-2218750
-2156250
-2125000
-2093750
-2125000
-2187500
-2281250
-2250000
-2281250
-2187500
-2156250
-2281250
-2250000
-2187500
-2218750
-2187500
-2218750
-2187500
-2250000
-2093750
-2093750
-2062500
-2125000
-2187500
-2187500
-2156250
-2093750
-2156250
-2218750
-2218750
-2312500
-2218750
-2187500
-2156250
-2281250
-2281250
-2312500
-2281250
-2218750
-2156250
-2156250
-2156250
-2125000
-2093750
-2031250
-2093750
-2156250
-2187500
-2187500
-2218750
-2218750
-2250000
-2187500
-2250000
-2281250
-2156250
-2156250
-2062500
-2187500
-2156250
-2218750
-2187500
-2125000
-2093750
-2187500
-2281250
-2375000
-2406250
-2218750
-2250000
-2218750
-2312500
-2406250
-2312500
-2312500
-2187500
-2156250
-2281250
-2281250
-2250000
-2156250
-2062500
-2062500
-2062500
-2093750
-1968750
-1937500
-1781250
-1812500
-1812500
-1875000
-1750000
-1718750
-1625000
-1625000
-1687500
-1656250
-1593750
-1562500
-1531250
-1531250
-1593750
-1656250
-1625000
-1593750
-1500000
-1562500
-1593750
-1718750
-1718750
-1656250
-1687500
-1718750
-1750000
-1812500
-1750000
-1718750
-1687500
-1687500
-1750000
-1812500
-1750000
-1781250
-1718750
-1812500
-1750000
-1812500
-1750000
-1781250
-1718750
-1750000
-1843750
-1906250
-1875000
-1875000
-1906250
-1968750
-2000000
-1937500
-1937500
-1875000
-1937500
-1937500
-2000000
-2031250
-1937500
-2000000
-1937500
-1937500
-1968750
-2031250
-1968750
-1906250
-1968750
-1937500
-2000000
-2031250
-2031250
-2000000
-1906250
-1906250
-1875000
-1968750
-1875000
-1937500
-1968750
-1906250
-1937500
-2000000
-1937500
-1875000
-1843750
-1875000
-1968750
-2031250
-2031250
-1906250
-1937500
-1812500
-1968750
-2031250
-2000000
-1812500
-1750000
-1625000
-1625000
-1656250
-1625000
-1562500
-1437500
-1375000
-1375000
-1468750
-1375000
-1281250
-1281250
-1312500
-1312500
-1437500
-1500000
-1437500
-1406250
-1468750
-1562500
-1656250
-1625000
-1531250
-1343750
-1343750
-1531250
-1750000
-1718750
-1718750
-1843750
-1937500
-2031250
-2125000
-2125000
-2031250
-1968750
-1937500
-1968750
-2062500
-2062500
-2031250
-2031250
-2093750
-2156250
-2187500
-2187500
-2187500
-2156250
-2187500
-2281250
-2250000
-2187500
-2218750
-2156250
-2156250
-2187500
-2281250
-2375000
-2531250
-2656250
-2750000
-2937500
-3250000
-3375000
-3062500
-2437500
-1625000
-718750
531250
2250000
3843750
4875000
5218750
4500000
2562500
187500
-1593750
-2593750
-2937500
-2906250
-2718750
-2468750
-2343750
-2312500
-2343750
-2343750
-2437500
-2500000
-2375000
-2406250
-2406250
-2406250
-2406250
-2312500
-2312500
-2250000
-2375000
-2375000
-2406250
-2312500
-2312500
-2281250
-2343750
-2406250
-2437500
-2437500
-2406250
-2406250
-2468750
-2437500
-2500000
-2531250
-2437500
-2468750
-2437500
-2531250
-2531250
-2500000
-2343750
-2375000
-2437500
-2468750
-2468750
-2437500
-2437500
-2406250
-2531250
-2500000
-2531250
-2468750
-2437500
-2468750
-2437500
-2500000
-2531250
-2531250
-2437500
-2437500
-2468750
-2500000
-2500000
-2468750
-2375000
-2312500
-2375000
-2406250
-2468750
-2437500
-2375000
-2375000
-2406250
-2437500
-2437500
-2500000
-2500000
-2531250
-2593750
-2625000
-2687500
-2687500
-2656250
-2625000
-2687500
-2781250
-2906250
-2843750
-2750000
-2656250
-2718750
-2812500
-2750000
-2781250
-2656250
-2656250
-2656250
-2687500
-2687500
-2593750
-2593750
-2406250
-2343750
-2406250
-2312500
-2250000
-2187500
-2093750
-2093750
-2031250
-2000000
-2031250
-1906250
-1843750
-1875000
-1812500
-1843750
-1812500
-1812500
-1781250
-1781250
-1781250
-1812500
-1812500
-1781250
-1687500
-1687500
-1750000
-1812500
-1781250
-1718750
-1718750
-1718750
-1812500
-1906250
-1906250
-1875000
-1750000
-1812500
-1906250
-1968750
-1937500
-1843750
-1812500
-1875000
-1906250
-1906250
-1937500
-1875000
-1843750
-1906250
-1906250
-1968750
-1937500
-1937500
-1843750
-1875000
-1906250
-1937500
-1906250
-1906250
-1843750
-1875000
-1968750
-2031250
-2000000
-2000000
-1968750
-1937500
-2031250
-2093750
-2062500
-2000000
-2000000
-1937500
-2062500
-2062500
-2031250
-1937500
-1906250
-1906250
-2000000
-2062500
-2031250
-1875000
-1937500
-1906250
-1968750
-2062500
-2062500
-2062500
-2000000
-2031250
-2031250
-2093750
-2031250
-1968750
-1937500
-1968750
-2000000
-2031250
-1968750
-1937500
-1906250
-1937500
-1968750
-2000000
-1968750
-1937500
-1843750
-1843750
-1906250
-1937500
-1875000
-1750000
-1718750
-1656250
-1718750
-1718750
-1625000
-1500000
-1500000
-1468750
-1500000
-1468750
-1406250
-1343750
-1281250
-1281250
-1312500
-1343750
-1375000
-1375000
-1343750
-1375000
-1375000
-1437500
-1437500
-1500000
-1312500
-1375000
-1437500
-1593750
-1468750
-1312500
-1187500
-1281250
-1406250
-1625000
-1718750
-1750000
-1781250
-1906250
-2000000
-1968750
-2093750
-2031250
-2093750
-2000000
-2031250
-2000000
-2031250
-2031250
-1937500
-1906250
-2000000
-2000000
-2062500
-2000000
-2000000
-2062500
-2062500
-2250000
-2218750
-2062500
-2031250
-2031250
-2093750
-2187500
-2125000
-2156250
-2218750
-2406250
-2656250
-2812500
-2937500
-3031250
-3187500
-3218750
-2843750
-2031250
-1031250
62500
1562500
3218750
4625000
5531250
5843750
5218750
3281250
750000
-1437500
-2656250
-2843750
-2625000
-2375000
-2250000
-2281250
-2343750
-2375000
-2218750
-2218750
-2312500
-2343750
-2406250
-2375000
-2281250
-2312500
-2312500
-2281250
-2375000
-2312500
-2343750
-2281250
-2312500
-2375000
-2343750
-2281250
-2250000
-2250000
-2218750
-2218750
-2312500
-2281250
-2218750
-2187500
-2187500
-2187500
-2250000
-2250000
-2250000
-2187500
-2218750
-2281250
-2312500
-2250000
-2187500
-2218750
-2187500
-2218750
-2312500
-2343750
-2250000
-2187500
-2156250
-2187500
-2312500
-2312500
-2218750
-2187500
-2156250
-2250000
-2312500
-2281250
-2250000
-2187500
-2218750
-2281250
-2281250
-2312500
-2281250
-2187500
-2187500
-2250000
-2250000
-2218750
-2156250
-2187500
-2156250
-2218750
-2312500
-2281250
-2218750
-2250000
-2281250
-2281250
-2375000
-2406250
-2343750
-2312500
-2343750
-2406250
-2468750
-2343750
-2406250
-2375000
-2312500
-2406250
-2406250
-2375000
-2312500
-2250000
-2187500
-2093750
-2062500
-1968750
-1843750
-1812500
-1812500
-1781250
-1812500
-1750000
-1750000
-1625000
-1593750
-1687500
-1718750
-1625000
-1562500
-1531250
-1562500
-1625000
-1656250
-1531250
-1468750
-1531250
-1500000
-1562500
-1656250
-1562500
-1562500
-1562500
-1562500
-1593750
-1656250
-1625000
-1500000
-1562500
-1531250
-1562500
-1687500
-1656250
-1687500
-1656250
-1656250
-1718750
-1781250
-1718750
-1656250
-1687500
-1687500
-1750000
-1781250
-1781250
-1750000
-1781250
-1750000
-1781250
-1875000
-1812500
-1781250
-1687500
-1750000
-1843750
-1812500
-1812500
-1843750
-1812500
-1781250
-1906250
-1968750
-1937500
-1937500
-1812500
-1843750
-1937500
-2000000
-1968750
-1937500
-1875000
-1875000
-1968750
-2000000
-1968750
-2000000
-1812500
-1875000
-1875000
-1968750
-1937500
-1875000
-1875000
-1812500
-1937500
-2031250
-1968750
-1906250
-1906250
-1906250
-1968750
-2031250
-2000000
-1937500
-1875000
-1843750
-1968750
-2000000
-1906250
-1875000
-1812500
-1843750
-1843750
-1937500
-1843750
-1843750
-1781250
-1843750
-1843750
-1937500
-1875000
-1781250
-1750000
-1718750
-1750000
-1656250
-1531250
-1437500
-1500000
-1500000
-1500000
-1531250
-1375000
-1375000
-1343750
-1250000
-1250000
-1312500
-1281250
-1218750
-1281250
-1312500
-1343750
-1406250
-1406250
-1250000
-1250000
-1312500
-1406250
-1375000
-1218750
-1125000
-1093750
-1281250
-1531250
-1656250
-1718750
-1750000
-1781250
-1875000
-1937500
-2031250
-2000000
-2031250
-1937500
-2031250
-2062500
-2125000
-2093750
-2062500
-2031250
-2000000
-2125000
-2156250
-2125000
-2062500
-2093750
-2062500
-2125000
-2125000
-2093750
-2093750
-2062500
-2093750
-2156250
-2343750
-2468750
-2687500
-2750000
-2812500
-2812500
-2968750
-3000000
-3187500
-3437500
-3593749
-3406250
-3062500
-2343750
-1562500
-750000
375000
1781250
3281250
4625000
5375000
5562500
4562500
2656250
93750
-1781250
-2718750
-2812500
-2718750
-2406250
-2375000
-2312500
-2312500
-2312500
-2250000
-2250000
-2312500
-2406250
-2281250
-2250000
-2281250
-2281250
-2343750
-2406250
-2250000
-2281250
-2218750
-2343750
-2375000
-2343750
-2218750
-2218750
-2250000
-2281250
-2375000
-2312500
-2218750
-2187500
-2218750
-2281250
-2375000
-2281250
-2218750
-2218750
-2281250
-2406250
-2437500
-2343750
-2218750
-2281250
-2250000
-2218750
-2281250
-2281250
-2218750
-2156250
-2156250
-2281250
-2250000
-2343750
-2218750
-2250000
-2281250
-2281250
-2312500
-2250000
-2218750
-2250000
-2281250
-2406250
-2375000
-2281250
-2218750
-2093750
-2250000
-2250000
-2406250
-2375000
-2343750
-2250000
-2250000
-2281250
-2343750
-2281250
-2218750
-2250000
-2187500
-2250000
-2312500
-2312500
-2281250
-2312500
-2375000
-2437500
-2406250
-2375000
-2312500
-2312500
-2281250
-2281250
-2437500
-2343750
-2312500
-2218750
-2281250
-2250000
-2312500
-2187500
-2125000
-2031250
-2000000
-1968750
-2031250
-1937500
-1843750
-1781250
-1812500
-1812500
-1718750
-1687500
-1656250
-1625000
-1625000
-1718750
-1718750
-1781250
-1625000
-1625000
-1656250
-1687500
-1750000
-1718750
-1593750
-1593750
-1531250
-1593750
-1625000
-1593750
-1593750
-1625000
-1656250
-1750000
-1843750
-1812500
-1718750
-1750000
-1750000
-1750000
-1781250
-1781250
-1750000
-1687500
-1781250
-1875000
-1937500
-1875000
-1812500
-1750000
-1875000
-1812500
-1937500
-1875000
-1843750
-1812500
-1781250
-1843750
-2031250
-1968750
-1937500
-1906250
-1875000
-1968750
-2062500
-2000000
-2000000
-1968750
-2000000
-2031250
-2093750
-2062500
-2031250
-1937500
-1968750
-1968750
-2093750
-2000000
-1937500
-1968750
-1937500
-2000000
-2093750
-2031250
-2031250
-1968750
-1937500
-2000000
-2062500
-2000000
-2000000
-1937500
-2062500
-2062500
-2156250
-2125000
-2062500
-2000000
-1968750
-2093750
-2093750
-2062500
-1937500
-1937500
-1968750
-2062500
-2000000
-1968750
-1875000
-1781250
-1750000
-1656250
-1625000
-1656250
-1625000
-1593750
-1625000
-1562500
-1593750
-1500000
-1437500
-1281250
-1312500
-1406250
-1468750
-1406250
-1406250
-1437500
-1406250
-1500000
-1500000
-1437500
-1468750
-1562500
-1562500
-1593750
-1468750
-1375000
-1281250
-1343750
-1500000
-1656250
-1750000
-1750000
-1687500
-1687500
-1812500
-2000000
-2093750
-2125000
-2062500
-2062500
-2093750
-2187500
-2250000
-2187500
-2187500
-2156250
-2187500
-2218750
-2281250
-2250000
-2218750
-2187500
-2125000
-2250000
-2312500
-2312500
-2218750
-2156250
-2187500
-2312500
-2406250
-2562500
-2750000
-2875000
-3062500
-3375000
-3531250
-3437500
-3031250
-2281250
-1593750
-781250
562500
2250000
3750000
4687500
4968750
4375000
2750000
593750
-1156250
-2312500
-2937500
-3062500
-2937500
-2750000
-2656250
-2562500
-2562500
-2562500
-2625000
-2500000
-2468750
-2531250
-2562500
-2531250
-2625000
-2468750
-2468750
-2437500
-2468750
-2468750
-2562500
-2500000
-2500000
-2562500
-2500000
-2531250
-2562500
-2562500
-2500000
-2437500
-2437500
-2500000
-2500000
-2468750
-2437500
-2406250
-2437500
-2562500
-2562500
-2562500
-2593750
-2562500
-2531250
-2625000
-2625000
-2625000
-2593750
-2562500
-2593750
-2656250
-2656250
-2625000
-2656250
-2625000
-2562500
-2562500
-2593750
-2562500
-2562500
-2500000
-2531250
-2531250
-2656250
-2625000
-2562500
-2500000
-2531250
-2593750
-2625000
-2562500
-2562500
-2500000
-2562500
-2593750
-2625000
-2562500
-2500000
-2437500
-2500000
-2593750
-2625000
-2593750
-2593750
-2500000
-2593750
-2687500
-2812500
-2750000
-2750000
-2718750
-2718750
-2750000
-2812500
-2718750
-2750000
-2687500
-2750000
-2781250
-2781250
-2750000
-2718750
-2625000
-2593750
-2562500
-2531250
-2375000
-2343750
-2312500
-2312500
-2312500
-2250000
-2218750
-2031250
-1906250
-1937500
-2000000
-2031250
-2031250
-1968750
-1875000
-1906250
-2000000
-2062500
-2062500
-1937500
-1937500
-1937500
-1906250
-1937500
-2000000
-1906250
-1875000
-1875000
-1906250
-2000000
-2000000
-1968750
-1968750
-1937500
-2062500
-2093750
-2093750
-2000000
-1968750
-1968750
-2031250
-2062500
-2093750
-2000000
-1875000
-1875000
-2000000
-2000000
-2062500
-2000000
-2000000
-2031250
-2125000
-2218750
-2156250
-2187500
-2156250
-2156250
-2250000
-2250000
-2156250
-2125000
-2125000
-2218750
-2187500
-2187500
-2218750
-2125000
-2093750
-2125000
-2187500
-2218750
-2218750
-2218750
-2156250
-2156250
-2187500
-2250000
-2281250
-2281250
-2187500
-2187500
-2250000
-2312500
-2250000
-2187500
-2093750
-2187500
-2187500
-2156250
-2125000
-2125000
-2125000
-2125000
-2156250
-2187500
-2250000
-2187500
-2093750
-2156250
-2187500
-2187500
-2218750
-2125000
-2093750
-2062500
-2125000
-2218750
-2218750
-2062500
-1968750
-1968750
-1968750
-2000000
-1875000
-1875000
-1750000
-1656250
-1750000
-1781250
-1656250
-1468750
-1437500
-1437500
-1531250
-1593750
-1562500
-1531250
-1562500
-1593750
-1656250
-1687500
-1812500
-1750000
-1718750
-1625000
-1593750
-1625000
-1718750
-1843750
-1875000
-1906250
-2093750
-2218750
-2187500
-2187500
-2187500
-2218750
-2312500
-2312500
-2250000
-2281250
-2218750
-2281250
-2343750
-2406250
-2375000
-2343750
-2218750
-2312500
-2406250
-2437500
-2437500
-2312500
-2250000
-2312500
-2375000
-2406250
-2375000
-2343750
-2312500
-2375000
-2531250
-2781250
-2906250
-3000000
-3031250
-3281250
-3468750
-3343750
-2812500
-2031250
-1156250
-156250
1156250
2687500
4125000
5093750
5312500
4687500
3031250
687500
-1312500
-2437500
-2875000
-3031250
-2937500
-2812500
-2656250
-2593750
-2531250
-2593750
-2593750
-2625000
-2500000
-2468750
-2406250
-2468750
-2500000
-2625000
-2562500
-2500000
-2500000
-2531250
-2531250
-2718750
-2625000
-2562500
-2531250
-2593750
-2687500
-2750000
-2718750
-2593750
-2625000
-2687500
-2593750
-2687500
-2656250
-2625000
-2625000
-2593750
-2656250
-2656250
-2625000
-2562500
-2562500
-2562500
-2625000
-2687500
-2625000
-2593750
-2468750
-2531250
-2593750
-2687500
-2625000
-2625000
-2593750
-2625000
-2656250
-2750000
-2687500
-2656250
-2593750
-2625000
-2656250
-2750000
-2687500
-2687500
-2656250
-2625000
-2593750
-2656250
-2687500
-2656250
-2593750
-2531250
-2531250
-2656250
-2593750
-2625000
-2625000
-2625000
-2718750
-2718750
-2750000
-2625000
-2687500
-2812500
-2843750
-2906250
-2906250
-2906250
-2906250
-2906250
-2937500
-3062500
-3031250
-2875000
-2843750
-2875000
-2843750
-2843750
-2750000
-2656250
-2593750
-2500000
-2531250
-2500000
-2406250
-2281250
-2281250
-2250000
-2312500
-2343750
-2218750
-2125000
-2062500
-2062500
-2062500
-2125000
-2093750
-2000000
-1906250
-1968750
-2000000
-2000000
-2000000
-1968750
-1937500
-1937500
-1968750
-2062500
-2000000
-2000000
-1937500
-2000000
-2062500
-2125000
-2062500
-2031250
-2031250
-2000000
-2125000
-2187500
-2125000
-2000000
-1968750
-2031250
-2125000
-2156250
-2156250
-2125000
-2062500
-2093750
-2156250
-2250000
-2218750
-2125000
-2062500
-2093750
-2156250
-2281250
-2312500
-2187500
-2125000
-2093750
-2250000
-2218750
-2125000
-2093750
-2093750
-2000000
-2093750
-2218750
-2187500
-2156250
-2125000
-2093750
-2187500
-2312500
-2250000
-2218750
-2187500
-2156250
-2281250
-2250000
-2250000
-2187500
-2156250
-2218750
-2218750
-2281250
-2250000
-2156250
-2156250
-2187500
-2218750
-2250000
-2218750
-2187500
-2093750
-2093750
-2218750
-2156250
-2125000
-2062500
-2125000
-2156250
-2187500
-2218750
-2187500
-2093750
-2062500
-2062500
-2062500
-2062500
-1906250
-1781250
-1718750
-1750000
-1781250
-1812500
-1718750
-1625000
-1531250
-1500000
-1500000
-1500000
-1468750
-1406250
-1375000
