-290000 -290000 0
-290000 -290000 0
-290000 -290000 0
-290000 -290000 0
-290000 -290000 0
-290000 -290000 0
-290000 -290000 0
-290000 -290000 0
-240000 -240000 0
-270000 -270000 0
-290000 -290000 0
-300000 -300000 0
-320000 -320000 0
-310000 -310000 0
-320000 -320000 0
-350000 -350000 0
-360000 -360000 0
-370000 -370000 0
-340000 -340000 0
-310000 -310000 0
-350000 -350000 0
-360000 -360000 0
-380000 -380000 0
-360000 -360000 0
-310000 -310000 0
-270000 -270000 0
-310000 -310000 0
-380000 -380000 0
-410000 -410000 0
-470000 -470000 0
-450000 -450000 0
-490000 -490000 0
-500000 -500000 0
-520000 -520000 0
-550000 -550000 0
-550000 -550000 0
-550000 -550000 0
-530000 -530000 0
-510000 -510000 0
-530000 -530000 0
-550000 -550000 0
-580000 -580000 0
-580000 -580000 0
-580000 -580000 0
-580000 -580000 0
-570000 -570000 0
-590000 -590000 0
-610000 -610000 0
-570000 -570000 0
-550000 -550000 0
-550000 -550000 0
-560000 -560000 0
-570000 -570000 0
-610000 -610000 0
-580000 -580000 0
-600000 -600000 0
-560000 -560000 0
-580000 -580000 0
-600000 -600000 0
-630000 -630000 0
-640000 -640000 0
-670000 -670000 0
-720000 -720000 0
-770000 -770000 0
-770000 -770000 0
-810000 -810000 0
-910000 -910000 0
-970000 -970000 0
-970000 -970000 0
-850000 -850000 0
-660000 -660000 0
-440000 -440000 0
-140000 -140000 0
240000 240000 0
750000 750000 0
1240000 1240000 0
1560000 1560000 0
1680000 1680000 0
1530000 1530000 0
1040000 1040000 0
340000 340000 0
-330000 -330000 0
-730000 -730000 0
-870000 -870000 0
-850000 -850000 0
-740000 -740000 0
-660000 -660000 0
-650000 -650000 0
-670000 -670000 0
-690000 -690000 0
-660000 -660000 0
-650000 -650000 0
-630000 -630000 0
-620000 -620000 0
-640000 -640000 0
-670000 -670000 0
-680000 -680000 0
-650000 -650000 0
-690000 -690000 0
-670000 -670000 0
-660000 -660000 0
-670000 -670000 0
-660000 -660000 0
-650000 -650000 0
-660000 -660000 0
-660000 -660000 0
-690000 -690000 0
-710000 -710000 0
-670000 -670000 0
-650000 -650000 0
-610000 -610000 0
-640000 -640000 0
-640000 -640000 0
-660000 -660000 0
-680000 -680000 0
-670000 -670000 0
-680000 -680000 0
-690000 -690000 0
-710000 -710000 0
-710000 -710000 0
-680000 -680000 0
-660000 -660000 0
-660000 -660000 0
-660000 -660000 0
-680000 -680000 0
-700000 -700000 0
-650000 -650000 0
-650000 -650000 0
-660000 -660000 0
-660000 -660000 0
-670000 -670000 0
-670000 -670000 0
-680000 -680000 0
-660000 -660000 0
-680000 -680000 0
-700000 -700000 0
-710000 -710000 0
-700000 -700000 0
-690000 -690000 0
-660000 -660000 0
-640000 -640000 0
-670000 -670000 0
-660000 -660000 0
-690000 -690000 0
-660000 -660000 0
-670000 -670000 0
-670000 -670000 0
-690000 -690000 0
-690000 -690000 0
-710000 -710000 0
-680000 -680000 0
-680000 -680000 0
-670000 -670000 0
-660000 -660000 0
-700000 -700000 0
-700000 -700000 0
-690000 -690000 0
-670000 -670000 0
-670000 -670000 0
-670000 -670000 0
-700000 -700000 0
-710000 -710000 0
-710000 -710000 0
-690000 -690000 0
-690000 -690000 0
-670000 -670000 0
-700000 -700000 0
-720000 -720000 0
-720000 -720000 0
-720000 -720000 0
-730000 -730000 0
-720000 -720000 0
-740000 -740000 0
-770000 -770000 0
-740000 -740000 0
-720000 -720000 0
-710000 -710000 0
-720000 -720000 0
-750000 -750000 0
-750000 -750000 0
-730000 -730000 0
-730000 -730000 0
-720000 -720000 0
-720000 -720000 0
-730000 -730000 0
-740000 -740000 0
-710000 -710000 0
-660000 -660000 0
-650000 -650000 0
-650000 -650000 0
-670000 -670000 0
-680000 -680000 0
-630000 -630000 0
-600000 -600000 0
-600000 -600000 0
-580000 -580000 0
-590000 -590000 0
-580000 -580000 0
-570000 -570000 0
-550000 -550000 0
-510000 -510000 0
-500000 -500000 0
-500000 -500000 0
-530000 -530000 0
-510000 -510000 0
-490000 -490000 0
-460000 -460000 0
-490000 -490000 0
-490000 -490000 0
-510000 -510000 0
-510000 -510000 0
-480000 -480000 0
-500000 -500000 0
-510000 -510000 0
-490000 -490000 0
-510000 -510000 0
-500000 -500000 0
-500000 -500000 0
-530000 -530000 0
-520000 -520000 0
-520000 -520000 0
-530000 -530000 0
-540000 -540000 0
-530000 -530000 0
-520000 -520000 0
-550000 -550000 0
-560000 -560000 0
-580000 -580000 0
-550000 -550000 0
-540000 -540000 0
-520000 -520000 0
-560000 -560000 0
-560000 -560000 0
-570000 -570000 0
-550000 -550000 0
-550000 -550000 0
-530000 -530000 0
-540000 -540000 0
-570000 -570000 0
-580000 -580000 0
-560000 -560000 0
-550000 -550000 0
-570000 -570000 0
-560000 -560000 0
-600000 -600000 0
-600000 -600000 0
-610000 -610000 0
-590000 -590000 0
-600000 -600000 0
-620000 -620000 0
-620000 -620000 0
-610000 -610000 0
-590000 -590000 0
-570000 -570000 0
-570000 -570000 0
-580000 -580000 0
-590000 -590000 0
-620000 -620000 0
-580000 -580000 0
-590000 -590000 0
-600000 -600000 0
-610000 -610000 0
-620000 -620000 0
-650000 -650000 0
-620000 -620000 0
-600000 -600000 0
-580000 -580000 0
-620000 -620000 0
-650000 -650000 0
-660000 -660000 0
-630000 -630000 0
-600000 -600000 0
-610000 -610000 0
-620000 -620000 0
-640000 -640000 0
-660000 -660000 0
-650000 -650000 0
-630000 -630000 0
-620000 -620000 0
-610000 -610000 0
-610000 -610000 0
-620000 -620000 0
-600000 -600000 0
-610000 -610000 0
-580000 -580000 0
-600000 -600000 0
-600000 -600000 0
-610000 -610000 0
-610000 -610000 0
-580000 -580000 0
-560000 -560000 0
-590000 -590000 0
-610000 -610000 0
-630000 -630000 0
-610000 -610000 0
-590000 -590000 0
-580000 -580000 0
-560000 -560000 0
-540000 -540000 0
-550000 -550000 0
-550000 -550000 0
-540000 -540000 0
-500000 -500000 0
-500000 -500000 0
-510000 -510000 0
-450000 -450000 0
-440000 -440000 0
-410000 -410000 0
-400000 -400000 0
-410000 -410000 0
-430000 -430000 0
-460000 -460000 0
-440000 -440000 0
-450000 -450000 0
-450000 -450000 0
-450000 -450000 0
-460000 -460000 0
-470000 -470000 0
-480000 -480000 0
-470000 -470000 0
-440000 -440000 0
-420000 -420000 0
-410000 -410000 0
-490000 -490000 0
-570000 -570000 0
-570000 -570000 0
-600000 -600000 0
-620000 -620000 0
-660000 -660000 0
-660000 -660000 0
-650000 -650000 0
-630000 -630000 0
-640000 -640000 0
-630000 -630000 0
-650000 -650000 0
-680000 -680000 0
-690000 -690000 0
-680000 -680000 0
-680000 -680000 0
-700000 -700000 0
-690000 -690000 0
-710000 -710000 0
-660000 -660000 0
-670000 -670000 0
-660000 -660000 0
-640000 -640000 0
-690000 -690000 0
-710000 -710000 0
-680000 -680000 0
-660000 -660000 0
-650000 -650000 0
-660000 -660000 0
-700000 -700000 0
-730000 -730000 0
-720000 -720000 0
-760000 -760000 0
-850000 -850000 0
-890000 -890000 0
-950000 -950000 0
-1020000 -1020000 0
-1070000 -1070000 0
-1010000 -1010000 0
-830000 -830000 0
-600000 -600000 0
-320000 -320000 0
-30000 -30000 0
470000 470000 0
980000 980000 0
1440000 1440000 0
1750000 1750000 0
1880000 1880000 0
1810000 1810000 0
1510000 1510000 0
980000 980000 0
330000 330000 0
-220000 -220000 0
-540000 -540000 0
-780000 -780000 0
-900000 -900000 0
-950000 -950000 0
-910000 -910000 0
-850000 -850000 0
-780000 -780000 0
-780000 -780000 0
-770000 -770000 0
-780000 -780000 0
-760000 -760000 0
-760000 -760000 0
-760000 -760000 0
-790000 -790000 0
-770000 -770000 0
-770000 -770000 0
-770000 -770000 0
-750000 -750000 0
-790000 -790000 0
-820000 -820000 0
-820000 -820000 0
-800000 -800000 0
-790000 -790000 0
-780000 -780000 0
-810000 -810000 0
-790000 -790000 0
-770000 -770000 0
-750000 -750000 0
-780000 -780000 0
-780000 -780000 0
-810000 -810000 0
-820000 -820000 0
-820000 -820000 0
-780000 -780000 0
-780000 -780000 0
-790000 -790000 0
-810000 -810000 0
-830000 -830000 0
-800000 -800000 0
-820000 -820000 0
-810000 -810000 0
-820000 -820000 0
-830000 -830000 0
-820000 -820000 0
-800000 -800000 0
-800000 -800000 0
-790000 -790000 0
-780000 -780000 0
-810000 -810000 0
-820000 -820000 0
-780000 -780000 0
-780000 -780000 0
-770000 -770000 0
-770000 -770000 0
-820000 -820000 0
-810000 -810000 0
-790000 -790000 0
-780000 -780000 0
-750000 -750000 0
-780000 -780000 0
-790000 -790000 0
-820000 -820000 0
-800000 -800000 0
-780000 -780000 0
-780000 -780000 0
-770000 -770000 0
-810000 -810000 0
-830000 -830000 0
-830000 -830000 0
-800000 -800000 0
-790000 -790000 0
-810000 -810000 0
-830000 -830000 0
-840000 -840000 0
-840000 -840000 0
-820000 -820000 0
-830000 -830000 0
-850000 -850000 0
-840000 -840000 0
-870000 -870000 0
-860000 -860000 0
-860000 -860000 0
-840000 -840000 0
-860000 -860000 0
-900000 -900000 0
-910000 -910000 0
-900000 -900000 0
-870000 -870000 0
-890000 -890000 0
-900000 -900000 0
-910000 -910000 0
-940000 -940000 0
-920000 -920000 0
-910000 -910000 0
-900000 -900000 0
-910000 -910000 0
-940000 -940000 0
-950000 -950000 0
-920000 -920000 0
-900000 -900000 0
-890000 -890000 0
-880000 -880000 0
-870000 -870000 0
-880000 -880000 0
-820000 -820000 0
-790000 -790000 0
-740000 -740000 0
-730000 -730000 0
-720000 -720000 0
-730000 -730000 0
-680000 -680000 0
-650000 -650000 0
-630000 -630000 0
-640000 -640000 0
-660000 -660000 0
-660000 -660000 0
-640000 -640000 0
-620000 -620000 0
-600000 -600000 0
-600000 -600000 0
-640000 -640000 0
-640000 -640000 0
-630000 -630000 0
-610000 -610000 0
-610000 -610000 0
-590000 -590000 0
-640000 -640000 0
-660000 -660000 0
-610000 -610000 0
-620000 -620000 0
-600000 -600000 0
-600000 -600000 0
-640000 -640000 0
-650000 -650000 0
-620000 -620000 0
-610000 -610000 0
-630000 -630000 0
-610000 -610000 0
-630000 -630000 0
-630000 -630000 0
-620000 -620000 0
-590000 -590000 0
-580000 -580000 0
-610000 -610000 0
-620000 -620000 0
-640000 -640000 0
-630000 -630000 0
-600000 -600000 0
-630000 -630000 0
-630000 -630000 0
-630000 -630000 0
-660000 -660000 0
-630000 -630000 0
-640000 -640000 0
-630000 -630000 0
-650000 -650000 0
-670000 -670000 0
-680000 -680000 0
-670000 -670000 0
-670000 -670000 0
-660000 -660000 0
-650000 -650000 0
-690000 -690000 0
-700000 -700000 0
-690000 -690000 0
-670000 -670000 0
-660000 -660000 0
-660000 -660000 0
-690000 -690000 0
-690000 -690000 0
-690000 -690000 0
-640000 -640000 0
-660000 -660000 0
-670000 -670000 0
-680000 -680000 0
-710000 -710000 0
-670000 -670000 0
-660000 -660000 0
-660000 -660000 0
-670000 -670000 0
-710000 -710000 0
-720000 -720000 0
-710000 -710000 0
-700000 -700000 0
-680000 -680000 0
-690000 -690000 0
-690000 -690000 0
-690000 -690000 0
-690000 -690000 0
-660000 -660000 0
-660000 -660000 0
-670000 -670000 0
-690000 -690000 0
-700000 -700000 0
-700000 -700000 0
-680000 -680000 0
-660000 -660000 0
-690000 -690000 0
-690000 -690000 0
-710000 -710000 0
-700000 -700000 0
-680000 -680000 0
-660000 -660000 0
-680000 -680000 0
-680000 -680000 0
-680000 -680000 0
-660000 -660000 0
-670000 -670000 0
-660000 -660000 0
-670000 -670000 0
-690000 -690000 0
-690000 -690000 0
-680000 -680000 0
-660000 -660000 0
-630000 -630000 0
-590000 -590000 0
-600000 -600000 0
-590000 -590000 0
-570000 -570000 0
-550000 -550000 0
-530000 -530000 0
-530000 -530000 0
-530000 -530000 0
-510000 -510000 0
-500000 -500000 0
-480000 -480000 0
-450000 -450000 0
-430000 -430000 0
-480000 -480000 0
-490000 -490000 0
-480000 -480000 0
-490000 -490000 0
-470000 -470000 0
-490000 -490000 0
-500000 -500000 0
-550000 -550000 0
-550000 -550000 0
-530000 -530000 0
-500000 -500000 0
-450000 -450000 0
-440000 -440000 0
-460000 -460000 0
-530000 -530000 0
-540000 -540000 0
-560000 -560000 0
-570000 -570000 0
-610000 -610000 0
-640000 -640000 0
-680000 -680000 0
-660000 -660000 0
-670000 -670000 0
-670000 -670000 0
-710000 -710000 0
-740000 -740000 0
-720000 -720000 0
-690000 -690000 0
-700000 -700000 0
-710000 -710000 0
-730000 -730000 0
-750000 -750000 0
-760000 -760000 0
-740000 -740000 0
-730000 -730000 0
-730000 -730000 0
-760000 -760000 0
-770000 -770000 0
-760000 -760000 0
-750000 -750000 0
-710000 -710000 0
-740000 -740000 0
-780000 -780000 0
-810000 -810000 0
-820000 -820000 0
-870000 -870000 0
-930000 -930000 0
-980000 -980000 0
-1040000 -1040000 0
-1110000 -1110000 0
-1140000 -1140000 0
-1050000 -1050000 0
-810000 -810000 0
-500000 -500000 0
-180000 -180000 0
240000 240000 0
820000 820000 0
1380000 1380000 0
1770000 1770000 0
1920000 1920000 0
1700000 1700000 0
1040000 1040000 0
100000 100000 0
-640000 -640000 0
-1000000 -1000000 0
-1010000 -1010000 0
-890000 -890000 0
-830000 -830000 0
-790000 -790000 0
-780000 -780000 0
-790000 -790000 0
-780000 -780000 0
-790000 -790000 0
-810000 -810000 0
-790000 -790000 0
-810000 -810000 0
-780000 -780000 0
-790000 -790000 0
-790000 -790000 0
-820000 -820000 0
-810000 -810000 0
-800000 -800000 0
-800000 -800000 0
-830000 -830000 0
-810000 -810000 0
-840000 -840000 0
-830000 -830000 0
-810000 -810000 0
-810000 -810000 0
-840000 -840000 0
-840000 -840000 0
-870000 -870000 0
-840000 -840000 0
-820000 -820000 0
-820000 -820000 0
-810000 -810000 0
-850000 -850000 0
-860000 -860000 0
-840000 -840000 0
-830000 -830000 0
-820000 -820000 0
-820000 -820000 0
-850000 -850000 0
-840000 -840000 0
-800000 -800000 0
-790000 -790000 0
-800000 -800000 0
-800000 -800000 0
-790000 -790000 0
-830000 -830000 0
-810000 -810000 0
-780000 -780000 0
-800000 -800000 0
-800000 -800000 0
-830000 -830000 0
-850000 -850000 0
-850000 -850000 0
-830000 -830000 0
-830000 -830000 0
-820000 -820000 0
-850000 -850000 0
-850000 -850000 0
-840000 -840000 0
-830000 -830000 0
-800000 -800000 0
-800000 -800000 0
-820000 -820000 0
-850000 -850000 0
-820000 -820000 0
-810000 -810000 0
-790000 -790000 0
-800000 -800000 0
-800000 -800000 0
-810000 -810000 0
-770000 -770000 0
-800000 -800000 0
-780000 -780000 0
-780000 -780000 0
-800000 -800000 0
-830000 -830000 0
-810000 -810000 0
-810000 -810000 0
-820000 -820000 0
-830000 -830000 0
-840000 -840000 0
-840000 -840000 0
-850000 -850000 0
-830000 -830000 0
-830000 -830000 0
-820000 -820000 0
-870000 -870000 0
-860000 -860000 0
-870000 -870000 0
-840000 -840000 0
-840000 -840000 0
-840000 -840000 0
-840000 -840000 0
-850000 -850000 0
-850000 -850000 0
-830000 -830000 0
-790000 -790000 0
-790000 -790000 0
-780000 -780000 0
-750000 -750000 0
-720000 -720000 0
-680000 -680000 0
-670000 -670000 0
-660000 -660000 0
-670000 -670000 0
-670000 -670000 0
-650000 -650000 0
-640000 -640000 0
-610000 -610000 0
-610000 -610000 0
-630000 -630000 0
-620000 -620000 0
-610000 -610000 0
-600000 -600000 0
-600000 -600000 0
-600000 -600000 0
-620000 -620000 0
-620000 -620000 0
-620000 -620000 0
-630000 -630000 0
-600000 -600000 0
-610000 -610000 0
-630000 -630000 0
-640000 -640000 0
-650000 -650000 0
-620000 -620000 0
-610000 -610000 0
-610000 -610000 0
-640000 -640000 0
-650000 -650000 0
-610000 -610000 0
-620000 -620000 0
-590000 -590000 0
-620000 -620000 0
-650000 -650000 0
-660000 -660000 0
-640000 -640000 0
-640000 -640000 0
-640000 -640000 0
-650000 -650000 0
-700000 -700000 0
-700000 -700000 0
-680000 -680000 0
-670000 -670000 0
-660000 -660000 0
-670000 -670000 0
-680000 -680000 0
-720000 -720000 0
-700000 -700000 0
-700000 -700000 0
-710000 -710000 0
-720000 -720000 0
-710000 -710000 0
-730000 -730000 0
-710000 -710000 0
-700000 -700000 0
-680000 -680000 0
-710000 -710000 0
-700000 -700000 0
-730000 -730000 0
-730000 -730000 0
-700000 -700000 0
-710000 -710000 0
-700000 -700000 0
-740000 -740000 0
-760000 -760000 0
-740000 -740000 0
-720000 -720000 0
-730000 -730000 0
-720000 -720000 0
-730000 -730000 0
-760000 -760000 0
-740000 -740000 0
-730000 -730000 0
-700000 -700000 0
-700000 -700000 0
-700000 -700000 0
-740000 -740000 0
-730000 -730000 0
-690000 -690000 0
-690000 -690000 0
-680000 -680000 0
-710000 -710000 0
-730000 -730000 0
-720000 -720000 0
-710000 -710000 0
-710000 -710000 0
-710000 -710000 0
-750000 -750000 0
-770000 -770000 0
-710000 -710000 0
-720000 -720000 0
-710000 -710000 0
-720000 -720000 0
-720000 -720000 0
-740000 -740000 0
-720000 -720000 0
-690000 -690000 0
-710000 -710000 0
-690000 -690000 0
-690000 -690000 0
-690000 -690000 0
-680000 -680000 0
-620000 -620000 0
-610000 -610000 0
-610000 -610000 0
-620000 -620000 0
-610000 -610000 0
-580000 -580000 0
-570000 -570000 0
-550000 -550000 0
-560000 -560000 0
-560000 -560000 0
-550000 -550000 0
-530000 -530000 0
-510000 -510000 0
-490000 -490000 0
-520000 -520000 0
-530000 -530000 0
-550000 -550000 0
-560000 -560000 0
-530000 -530000 0
-540000 -540000 0
-550000 -550000 0
-560000 -560000 0
-550000 -550000 0
-560000 -560000 0
-550000 -550000 0
-530000 -530000 0
-510000 -510000 0
-480000 -480000 0
-520000 -520000 0
-560000 -560000 0
-620000 -620000 0
-620000 -620000 0
-690000 -690000 0
-720000 -720000 0
-760000 -760000 0
-770000 -770000 0
-760000 -760000 0
-740000 -740000 0
-750000 -750000 0
-770000 -770000 0
-780000 -780000 0
-790000 -790000 0
-770000 -770000 0
-770000 -770000 0
-770000 -770000 0
-790000 -790000 0
-810000 -810000 0
-800000 -800000 0
-750000 -750000 0
-750000 -750000 0
-780000 -780000 0
-790000 -790000 0
-830000 -830000 0
-810000 -810000 0
-800000 -800000 0
-780000 -780000 0
-810000 -810000 0
-850000 -850000 0
-920000 -920000 0
-950000 -950000 0
-1010000 -1010000 0
-1020000 -1020000 0
-1050000 -1050000 0
-1080000 -1080000 0
-1200000 -1200000 0
-1290000 -1290000 0
-1260000 -1260000 0
-1150000 -1150000 0
-990000 -990000 0
-770000 -770000 0
-540000 -540000 0
-230000 -230000 0
180000 180000 0
740000 740000 0
1270000 1270000 0
1620000 1620000 0
1720000 1720000 0
1540000 1540000 0
950000 950000 0
130000 130000 0
-610000 -610000 0
-1000000 -1000000 0
-1040000 -1040000 0
-950000 -950000 0
-820000 -820000 0
-780000 -780000 0
-780000 -780000 0
-800000 -800000 0
-820000 -820000 0
-810000 -810000 0
-770000 -770000 0
-780000 -780000 0
-790000 -790000 0
-810000 -810000 0
-820000 -820000 0
-810000 -810000 0
-800000 -800000 0
-780000 -780000 0
-790000 -790000 0
-820000 -820000 0
-830000 -830000 0
-820000 -820000 0
-790000 -790000 0
-810000 -810000 0
-820000 -820000 0
-810000 -810000 0
-810000 -810000 0
-820000 -820000 0
-780000 -780000 0
-770000 -770000 0
-780000 -780000 0
-790000 -790000 0
-800000 -800000 0
-800000 -800000 0
-800000 -800000 0
-790000 -790000 0
-790000 -790000 0
-810000 -810000 0
-810000 -810000 0
-800000 -800000 0
-790000 -790000 0
-770000 -770000 0
-750000 -750000 0
-770000 -770000 0
-790000 -790000 0
-780000 -780000 0
-770000 -770000 0
-750000 -750000 0
-770000 -770000 0
-773424 -773424 0
-753017 -753017 0
-765226 -765226 0
-764582 -764582 0
-770549 -770549 0
-771703 -771703 0
-780984 -780984 0
-780595 -780595 0
-768917 -768917 0
-761803 -761803 0
-754715 -754715 0
-783544 -783544 0
-766647 -766647 0
-765438 -765438 0
-756962 -756962 0
-757823 -757823 0
-777721 -777721 0
-772297 -772297 0
-777420 -777420 0
-779107 -779107 0
-794483 -794483 0
-779862 -779862 0
-775610 -775610 0
-779805 -779805 0
-765919 -765919 0
-775581 -775581 0
-763983 -763983 0
-765962 -765962 0
-782270 -782270 0
-773282 -773282 0
-757525 -757525 0
-762810 -762810 0
-776203 -776203 0
-765143 -765143 0
-761873 -761873 0
-757498 -757498 0
-753839 -753839 0
-765149 -765149 0
-787535 -787535 0
-762530 -762530 0
-769642 -769642 0
-765758 -765758 0
-763208 -763208 0
-765014 -765014 0
-769762 -769762 0
-750402 -750402 0
-758283 -758283 0
-776757 -776757 0
-782215 -782215 0
-766645 -766645 0
-761421 -761421 0
-768477 -768477 0
-771965 -771965 0
-758023 -758023 0
-779475 -779475 0
-763991 -763991 0
-765227 -765227 0
-779074 -779074 0
-759716 -759716 0
-778202 -778202 0
-762053 -762053 0
-781806 -781806 0
-779523 -779523 0
-779313 -779313 0
-762154 -762154 0
-786486 -786486 0
-786316 -786316 0
-765493 -765493 0
-773844 -773844 0
-751328 -751328 0
-753279 -753279 0
-772684 -772684 0
-761070 -761070 0
-771023 -771023 0
-771458 -771458 0
-781800 -781800 0
-786028 -786028 0
-771198 -771198 0
-783047 -783047 0
-783395 -783395 0
-770156 -770156 0
-787788 -787788 0
-776883 -776883 0
-773140 -773140 0
-767800 -767800 0
-767575 -767575 0
-762196 -762196 0
-782338 -782338 0
-768262 -768262 0
-767272 -767272 0
-792964 -792964 0
-765295 -765295 0
-766535 -766535 0
-768551 -768551 0
-779281 -779281 0
-753922 -753922 0
-766513 -766513 0
-773316 -773316 0
-772019 -772019 0
-766220 -766220 0
-774871 -774871 0
-775476 -775476 0
-758509 -758509 0
-759608 -759608 0
-760515 -760515 0
-755321 -755321 0
-778916 -778916 0
-768207 -768207 0
-779153 -779153 0
-769856 -769856 0
-770443 -770443 0
-760623 -760623 0
-758329 -758329 0
-766613 -766613 0
-767830 -767830 0
-759951 -759951 0
-784503 -784503 0
-772533 -772533 0
-784360 -784360 0
-777912 -777912 0
-751262 -751262 0
-786407 -786407 0
-757858 -757858 0
-770132 -770132 0
-764682 -764682 0
-766850 -766850 0
-779165 -779165 0
-753641 -753641 0
-765572 -765572 0
-773799 -773799 0
-761451 -761451 0
-764590 -764590 0
-776183 -776183 0
-759678 -759678 0
-763094 -763094 0
-774512 -774512 0
-770913 -770913 0
-768894 -768894 0
-771075 -771075 0
-779826 -779826 0
-772319 -772319 0
-766300 -766300 0
-778695 -778695 0
-758768 -758768 0
-759553 -759553 0
-763022 -763022 0
-763454 -763454 0
-785840 -785840 0
-777582 -777582 0
-758891 -758891 0
-751625 -751625 0
-776298 -776298 0
-777423 -777423 0
-768980 -768980 0
-765152 -765152 0
-771328 -771328 0
-749165 -749165 0
-760773 -760773 0
-757683 -757683 0
-769486 -769486 0
-766163 -766163 0
-762019 -762019 0
-770471 -770471 0
-767739 -767739 0
-779759 -779759 0
-751846 -751846 0
-768874 -768874 0
-761138 -761138 0
-777502 -777502 0
-750443 -750443 0
-772816 -772816 0
-760771 -760771 0
-754680 -754680 0
-777832 -777832 0
-770535 -770535 0
-782810 -782810 0
-768399 -768399 0
-758135 -758135 0
-757683 -757683 0
-772656 -772656 0
-772190 -772190 0
-777413 -777413 0
-758994 -758994 0
-769015 -769015 0
-779380 -779380 0
-764305 -764305 0
-775551 -775551 0
-774233 -774233 0
-779319 -779319 0
-767581 -767581 0
-785346 -785346 0
-772209 -772209 0
-794396 -794396 0
-757329 -757329 0
-758622 -758622 0
-756521 -756521 0
-764601 -764601 0
-773376 -773376 0
-792053 -792053 0
-780123 -780123 0
-776493 -776493 0
-763309 -763309 0
-760163 -760163 0
-766177 -766177 0
-769512 -769512 0
-769882 -769882 0
-773429 -773429 0
-770609 -770609 0
-767932 -767932 0
-758663 -758663 0
-756531 -756531 0
-756222 -756222 0
-757777 -757777 0
-758444 -758444 0
-780909 -780909 0
-791400 -791400 0
-786782 -786782 0
-762089 -762089 0
-777675 -777675 0
-772257 -772257 0
-768495 -768495 0
-778181 -778181 0
-769577 -769577 0
-758587 -758587 0
-759014 -759014 0
-763338 -763338 0
-766404 -766404 0
-755384 -755384 0
-766212 -766212 0
-765515 -765515 0
-785567 -785567 0
-780421 -780421 0
-801469 -801469 0
-776845 -776845 0
-788249 -788249 0
-746675 -746675 0
-770785 -770785 0
-766626 -766626 0
-766881 -766881 0
-767280 -767280 0
-777921 -777921 0
-775434 -775434 0
-785202 -785202 0
-764955 -764955 0
-768681 -768681 0
-777047 -777047 0
-765120 -765120 0
-773314 -773314 0
-761164 -761164 0
-780755 -780755 0
-770631 -770631 0
-761341 -761341 0
-758970 -758970 0
-780762 -780762 0
-775112 -775112 0
-773842 -773842 0
-756471 -756471 0
-758014 -758014 0
-782987 -782987 0
-777895 -777895 0
-784213 -784213 0
-780692 -780692 0
-761651 -761651 0
-772543 -772543 0
-757414 -757414 0
-792740 -792740 0
-784602 -784602 0
-766961 -766961 0
-763169 -763169 0
-778680 -778680 0
-769416 -769416 0
-783884 -783884 0
-759302 -759302 0
-765982 -765982 0
-773505 -773505 0
-759561 -759561 0
-768471 -768471 0
-757972 -757972 0
-757791 -757791 0
-780924 -780924 0
-779981 -779981 0
-784541 -784541 0
-765021 -765021 0
-769111 -769111 0
-762930 -762930 0
-780803 -780803 0
-782011 -782011 0
-768783 -768783 0
-764549 -764549 0
-776859 -776859 0
-781761 -781761 0
-783813 -783813 0
-774106 -774106 0
-783237 -783237 0
-777742 -777742 0
-761362 -761362 0
-759685 -759685 0
-776503 -776503 0
-752037 -752037 0
-775143 -775143 0
-774496 -774496 0
-776487 -776487 0
-766723 -766723 0
-779439 -779439 0
-773275 -773275 0
-771548 -771548 0
-779517 -779517 0
-757566 -757566 0
-750849 -750849 0
-769035 -769035 0
-752647 -752647 0
-760302 -760302 0
-766189 -766189 0
-761861 -761861 0
-762355 -762355 0
-774640 -774640 0
-751806 -751806 0
-771514 -771514 0
-773181 -773181 0
-759605 -759605 0
-758850 -758850 0
-757305 -757305 0
-764738 -764738 0
-755729 -755729 0
-762560 -762560 0
-785546 -785546 0
-752831 -752831 0
-782655 -782655 0
-786237 -786237 0
-760068 -760068 0
-756885 -756885 0
-762994 -762994 0
-764655 -764655 0
-768309 -768309 0
-747901 -747901 0
-771960 -771960 0
-766186 -766186 0
-757981 -757981 0
-766064 -766064 0
-782360 -782360 0
-756140 -756140 0
-771447 -771447 0
-753738 -753738 0
-784199 -784199 0
-781774 -781774 0
-759569 -759569 0
-765895 -765895 0
-795221 -795221 0
-766717 -766717 0
-764040 -764040 0
-774267 -774267 0
-770303 -770303 0
-780454 -780454 0
-767212 -767212 0
-771998 -771998 0
-776546 -776546 0
-773914 -773914 0
-767596 -767596 0
-783384 -783384 0
-767939 -767939 0
-791914 -791914 0
-788431 -788431 0
-764856 -764856 0
-772401 -772401 0
-784283 -784283 0
-760766 -760766 0
-761948 -761948 0
-762204 -762204 0
-775155 -775155 0
-754788 -754788 0
-770343 -770343 0
-773610 -773610 0
-756177 -756177 0
-780464 -780464 0
-787241 -787241 0
-779661 -779661 0
-785247 -785247 0
-756841 -756841 0
-771427 -771427 0
-781486 -781486 0
-767331 -767331 0
-765369 -765369 0
-767796 -767796 0
-767294 -767294 0
-780711 -780711 0
-757640 -757640 0
-772911 -772911 0
-776525 -776525 0
-755058 -755058 0
-745850 -745850 0
-754551 -754551 0
-750580 -750580 0
-766691 -766691 0
-795373 -795373 0
-780490 -780490 0
-773575 -773575 0
-762138 -762138 0
-778544 -778544 0
-750970 -750970 0
-780628 -780628 0
-768648 -768648 0
-758608 -758608 0
-770441 -770441 0
-771395 -771395 0
-758929 -758929 0
-771779 -771779 0
-753468 -753468 0
-782003 -782003 0
-788785 -788785 0
-774820 -774820 0
-749244 -749244 0
-767728 -767728 0
-771872 -771872 0
-775107 -775107 0
-786789 -786789 0
-770223 -770223 0
-767477 -767477 0
-765068 -765068 0
-772224 -772224 0
-779650 -779650 0
-760851 -760851 0
-762482 -762482 0
-766976 -766976 0
-762708 -762708 0
-774413 -774413 0
-763395 -763395 0
-767842 -767842 0
-767278 -767278 0
-767341 -767341 0
-772803 -772803 0
-781388 -781388 0
-773181 -773181 0
-752393 -752393 0
-768362 -768362 0
-771983 -771983 0
-784324 -784324 0
-775371 -775371 0
-755226 -755226 0
-771110 -771110 0
-756700 -756700 0
-775378 -775378 0
-764081 -764081 0
-775083 -775083 0
-756825 -756825 0
-775397 -775397 0
-766518 -766518 0
-781064 -781064 0
-780522 -780522 0
-764840 -764840 0
-768128 -768128 0
-767444 -767444 0
-778433 -778433 0
-762785 -762785 0
-760595 -760595 0
-764835 -764835 0
-778278 -778278 0
-770934 -770934 0
-768328 -768328 0
-774779 -774779 0
-785023 -785023 0
-760036 -760036 0
-760823 -760823 0
-799253 -799253 0
-777800 -777800 0
-767693 -767693 0
-771569 -771569 0
-777106 -777106 0
-760303 -760303 0
-771532 -771532 0
-771831 -771831 0
-782016 -782016 0
-772634 -772634 0
-767109 -767109 0
-779189 -779189 0
-769480 -769480 0
-787201 -787201 0
-773541 -773541 0
-780335 -780335 0
-779138 -779138 0
-769985 -769985 0
-775371 -775371 0
-774704 -774704 0
-761673 -761673 0
-745564 -745564 0
-763787 -763787 0
-761632 -761632 0
-783252 -783252 0
-783368 -783368 0
-769992 -769992 0
-763667 -763667 0
-786382 -786382 0
-770345 -770345 0
-761148 -761148 0
-762474 -762474 0
-763281 -763281 0
-773420 -773420 0
-770591 -770591 0
-759546 -759546 0
-767757 -767757 0
-769872 -769872 0
-752099 -752099 0
-754328 -754328 0
-762484 -762484 0
-774161 -774161 0
-754936 -754936 0
-770193 -770193 0
-747957 -747957 0
-759713 -759713 0
-761223 -761223 0
-778259 -778259 0
-749552 -749552 0
-764822 -764822 0
-772298 -772298 0
-781335 -781335 0
-758160 -758160 0
-764865 -764865 0
-772922 -772922 0
-775281 -775281 0
-751542 -751542 0
-766734 -766734 0
-778964 -778964 0
-753545 -753545 0
-774894 -774894 0
-789464 -789464 0
-775397 -775397 0
-778925 -778925 0
-769341 -769341 0
-765261 -765261 0
-759431 -759431 0
-779266 -779266 0
-775475 -775475 0
-769066 -769066 0
-785095 -785095 0
-775845 -775845 0
-765840 -765840 0
-777631 -777631 0
-769242 -769242 0
-775469 -775469 0
-780377 -780377 0
-760333 -760333 0
-776183 -776183 0
-779155 -779155 0
-793181 -793181 0
-762884 -762884 0
-753544 -753544 0
-775076 -775076 0
-775037 -775037 0
-769840 -769840 0
-763423 -763423 0
-774259 -774259 0
-779736 -779736 0
-779369 -779369 0
-769830 -769830 0
-743169 -743169 0
-766449 -766449 0
-790812 -790812 0
-768322 -768322 0
-771247 -771247 0
-772772 -772772 0
-774276 -774276 0
-772699 -772699 0
-767137 -767137 0
-767264 -767264 0
-781745 -781745 0
-753278 -753278 0
-754043 -754043 0
-777671 -777671 0
-778709 -778709 0
-780852 -780852 0
-763858 -763858 0
-767531 -767531 0
-756004 -756004 0
-761971 -761971 0
-772949 -772949 0
-765363 -765363 0
-754295 -754295 0
-773750 -773750 0
-759818 -759818 0
-753426 -753426 0
-759043 -759043 0
-788319 -788319 0
-764720 -764720 0
-756932 -756932 0
-769342 -769342 0
-772786 -772786 0
-786644 -786644 0
-762555 -762555 0
-745272 -745272 0
-782588 -782588 0
-772313 -772313 0
-776859 -776859 0
-774595 -774595 0
-759120 -759120 0
-770346 -770346 0
-768924 -768924 0
-772724 -772724 0
-779710 -779710 0
-777060 -777060 0
-760095 -760095 0
-752660 -752660 0
-791890 -791890 0
-775289 -775289 0
-783561 -783561 0
-759258 -759258 0
-772847 -772847 0
-767021 -767021 0
-761178 -761178 0
-772872 -772872 0
-761921 -761921 0
-751376 -751376 0
-760289 -760289 0
-789870 -789870 0
-769172 -769172 0
-772572 -772572 0
-781753 -781753 0
-775567 -775567 0
-770889 -770889 0
-770086 -770086 0
-748285 -748285 0
-759720 -759720 0
-752811 -752811 0
-771251 -771251 0
-757152 -757152 0
-772496 -772496 0
-771905 -771905 0
-770228 -770228 0
-777288 -777288 0
-768552 -768552 0
-774316 -774316 0
-778290 -778290 0
-756365 -756365 0
-774403 -774403 0
-771709 -771709 0
-749631 -749631 0
-765792 -765792 0
-770335 -770335 0
-762695 -762695 0
-765786 -765786 0
-773647 -773647 0
-783163 -783163 0
-805275 -805275 0
-747352 -747352 0
-772300 -772300 0
-775439 -775439 0
-770078 -770078 0
-772591 -772591 0
-767580 -767580 0
-764818 -764818 0
-771041 -771041 0
-758216 -758216 0
-778020 -778020 0
-768451 -768451 0
-761121 -761121 0
-789016 -789016 0
-776267 -776267 0
-771000 -771000 0
-777658 -777658 0
-773030 -773030 0
-787669 -787669 0
-760792 -760792 0
-774532 -774532 0
-775500 -775500 0
-753802 -753802 0
-748260 -748260 0
-758305 -758305 0
-771014 -771014 0
-755034 -755034 0
-757846 -757846 0
-756540 -756540 0
-766066 -766066 0
-754054 -754054 0
-757655 -757655 0
-772064 -772064 0
-761770 -761770 0
-771092 -771092 0
-767091 -767091 0
-776755 -776755 0
-786515 -786515 0
-752062 -752062 0
-761681 -761681 0
-774904 -774904 0
-752268 -752268 0
-763147 -763147 0
-747973 -747973 0
-776417 -776417 0
-765966 -765966 0
-771572 -771572 0
-778143 -778143 0
-779570 -779570 0
-771964 -771964 0
-770938 -770938 0
-762819 -762819 0
-776861 -776861 0
-773065 -773065 0
-752495 -752495 0
-777674 -777674 0
-760948 -760948 0
-767409 -767409 0
-792176 -792176 0
-769707 -769707 0
-747023 -747023 0
-761157 -761157 0
-753450 -753450 0
-762267 -762267 0
-770758 -770758 0
-766139 -766139 0
-753451 -753451 0
-756722 -756722 0
-767423 -767423 0
-785838 -785838 0
-771336 -771336 0
-793802 -793802 0
-762801 -762801 0
-787223 -787223 0
-776045 -776045 0
-774972 -774972 0
-769211 -769211 0
-762686 -762686 0
-768089 -768089 0
-787217 -787217 0
-766491 -766491 0
-770527 -770527 0
-770093 -770093 0
-771689 -771689 0
-766026 -766026 0
-750498 -750498 0
-753122 -753122 0
-767985 -767985 0
-754831 -754831 0
-771195 -771195 0
-778973 -778973 0
-776167 -776167 0
-767187 -767187 0
-793044 -793044 0
-770950 -770950 0
-769199 -769199 0
-777748 -777748 0
-765290 -765290 0
-783180 -783180 0
-780948 -780948 0
-768792 -768792 0
-779515 -779515 0
-777988 -777988 0
-760710 -760710 0
-771631 -771631 0
-773362 -773362 0
-781049 -781049 0
-757904 -757904 0
-756793 -756793 0
-750343 -750343 0
-776442 -776442 0
-766191 -766191 0
-769814 -769814 0
-766397 -766397 0
-757918 -757918 0
-775020 -775020 0
-772472 -772472 0
-759526 -759526 0
-757207 -757207 0
-777784 -777784 0
-766641 -766641 0
-757464 -757464 0
-788849 -788849 0
-754685 -754685 0
-766059 -766059 0
-767640 -767640 0
-761248 -761248 0
-771576 -771576 0
-775038 -775038 0
-752700 -752700 0
-770270 -770270 0
-783479 -783479 0
-760993 -760993 0
-761690 -761690 0
-767195 -767195 0
-771803 -771803 0
-761154 -761154 0
-758511 -758511 0
-758311 -758311 0
-750328 -750328 0
-759272 -759272 0
-783329 -783329 0
-773267 -773267 0
-758053 -758053 0
-778110 -778110 0
-794845 -794845 0
-764930 -764930 0
-772377 -772377 0
-773164 -773164 0
-782726 -782726 0
-775814 -775814 0
-760832 -760832 0
-760212 -760212 0
-782141 -782141 0
-787252 -787252 0
-776760 -776760 0
-770509 -770509 0
-756153 -756153 0
-772611 -772611 0
-769411 -769411 0
-760139 -760139 0
-772246 -772246 0
-775438 -775438 0
-773219 -773219 0
-764178 -764178 0
-768201 -768201 0
-779900 -779900 0
-753230 -753230 0
-774454 -774454 0
-771649 -771649 0
-779387 -779387 0
-767155 -767155 0
-764537 -764537 0
-750397 -750397 0
-788517 -788517 0
-776368 -776368 0
-785492 -785492 0
-777709 -777709 0
-756335 -756335 0
-773743 -773743 0
-780155 -780155 0
-791216 -791216 0
-774898 -774898 0
-768018 -768018 0
-773236 -773236 0
-768624 -768624 0
-753704 -753704 0
-772220 -772220 0
-777408 -777408 0
-767576 -767576 0
-766427 -766427 0
-771412 -771412 0
-776601 -776601 0
-772573 -772573 0
-792735 -792735 0
-766526 -766526 0
-766716 -766716 0
-762373 -762373 0
-758606 -758606 0
-755787 -755787 0
-766219 -766219 0
-770864 -770864 0
-771466 -771466 0
-769461 -769461 0
-768124 -768124 0
-773199 -773199 0
-763031 -763031 0
-758288 -758288 0
-758374 -758374 0
-778662 -778662 0
-755565 -755565 0
-754314 -754314 0
-757483 -757483 0
-774430 -774430 0
-766309 -766309 0
-760076 -760076 0
-772400 -772400 0
-771914 -771914 0
-775945 -775945 0
-774988 -774988 0
-771669 -771669 0
-767599 -767599 0
-769131 -769131 0
-769498 -769498 0
-758299 -758299 0
-767392 -767392 0
-760598 -760598 0
-783516 -783516 0
-772718 -772718 0
-785970 -785970 0
-782349 -782349 0
-758756 -758756 0
-759056 -759056 0
-765441 -765441 0
-798394 -798394 0
-774489 -774489 0
-773699 -773699 0
-767455 -767455 0
-759011 -759011 0
-741194 -741194 0
-773169 -773169 0
-760226 -760226 0
-769621 -769621 0
-762655 -762655 0
-762768 -762768 0
-779961 -779961 0
-777034 -777034 0
-779615 -779615 0
-777349 -777349 0
-779321 -779321 0
-769950 -769950 0
-770270 -770270 0
-775203 -775203 0
-744576 -744576 0
-760576 -760576 0
-750875 -750875 0
-788022 -788022 0
-758645 -758645 0
-753230 -753230 0
-774784 -774784 0
-769818 -769818 0
-785898 -785898 0
-755591 -755591 0
-777380 -777380 0
-771218 -771218 0
-763461 -763461 0
-762027 -762027 0
-780226 -780226 0
-772697 -772697 0
-768800 -768800 0
-768744 -768744 0
-750243 -750243 0
-785643 -785643 0
-774746 -774746 0
-776039 -776039 0
-776788 -776788 0
-771006 -771006 0
-760069 -760069 0
-761321 -761321 0
-765157 -765157 0
-775508 -775508 0
-778595 -778595 0
-769810 -769810 0
-762335 -762335 0
-759558 -759558 0
-776795 -776795 0
-774620 -774620 0
-760805 -760805 0
-794069 -794069 0
-782709 -782709 0
-769325 -769325 0
-778165 -778165 0
-771810 -771810 0
-769908 -769908 0
-771809 -771809 0
-753703 -753703 0
-763349 -763349 0
-776047 -776047 0
-771673 -771673 0
-780002 -780002 0
-764191 -764191 0
-752109 -752109 0
-766247 -766247 0
-794165 -794165 0
-755566 -755566 0
-797790 -797790 0
-771361 -771361 0
-769822 -769822 0
-763243 -763243 0
-772340 -772340 0
-775870 -775870 0
-760157 -760157 0
-761490 -761490 0
-763921 -763921 0
-772992 -772992 0
-795852 -795852 0
-768687 -768687 0
-770903 -770903 0
-775955 -775955 0
-767905 -767905 0
-762866 -762866 0
-772316 -772316 0
-767783 -767783 0
-779209 -779209 0
-756418 -756418 0
-774792 -774792 0
-766986 -766986 0
-769868 -769868 0
-768807 -768807 0
-758537 -758537 0
-756545 -756545 0
-762456 -762456 0
-783855 -783855 0
-774789 -774789 0
-799633 -799633 0
-773300 -773300 0
-765227 -765227 0
-767945 -767945 0
-788444 -788444 0
-782983 -782983 0
-773098 -773098 0
-779106 -779106 0
-774303 -774303 0
-762689 -762689 0
-771436 -771436 0
-769194 -769194 0
-766776 -766776 0
-770629 -770629 0
-772627 -772627 0
-781170 -781170 0
-781295 -781295 0
-783626 -783626 0
-773871 -773871 0
-750959 -750959 0
-775193 -775193 0
-769715 -769715 0
-752582 -752582 0
-767458 -767458 0
-776611 -776611 0
-757375 -757375 0
-767180 -767180 0
-765560 -765560 0
-775447 -775447 0
-756949 -756949 0
-769648 -769648 0
-767780 -767780 0
-762277 -762277 0
-763175 -763175 0
-773395 -773395 0
-749279 -749279 0
-767245 -767245 0
-775306 -775306 0
-764889 -764889 0
-759487 -759487 0
-755213 -755213 0
-754017 -754017 0
-774102 -774102 0
-771716 -771716 0
-776289 -776289 0
-773283 -773283 0
-777579 -777579 0
-773032 -773032 0
-769646 -769646 0
-775205 -775205 0
-759959 -759959 0
-773657 -773657 0
-756487 -756487 0
-770211 -770211 0
-776987 -776987 0
-770127 -770127 0
-776280 -776280 0
-752916 -752916 0
-770742 -770742 0
-776260 -776260 0
-779246 -779246 0
-779329 -779329 0
-767802 -767802 0
-752749 -752749 0
-771993 -771993 0
-764317 -764317 0
-777509 -777509 0
-776046 -776046 0
-766959 -766959 0
-758742 -758742 0
-772535 -772535 0
-757728 -757728 0
-758268 -758268 0
-776005 -776005 0
-760602 -760602 0
-772397 -772397 0
-777135 -777135 0
-752654 -752654 0
-787676 -787676 0
-774721 -774721 0
-777306 -777306 0
-764875 -764875 0
-769485 -769485 0
-799823 -799823 0
-775803 -775803 0
-776191 -776191 0
-768652 -768652 0
-779639 -779639 0
-784481 -784481 0
-769286 -769286 0
-778666 -778666 0
-768917 -768917 0
-774860 -774860 0
-763504 -763504 0
-768941 -768941 0
-773700 -773700 0
-759174 -759174 0
-761434 -761434 0
-786955 -786955 0
-767480 -767480 0
-782097 -782097 0
-766062 -766062 0
-769323 -769323 0
-790847 -790847 0
-757116 -757116 0
-746869 -746869 0
-789691 -789691 0
-774359 -774359 0
-766457 -766457 0
-765556 -765556 0
-770632 -770632 0
-766958 -766958 0
-783323 -783323 0
-757635 -757635 0
-771590 -771590 0
-777442 -777442 0
-757416 -757416 0
-768794 -768794 0
-777748 -777748 0
-757160 -757160 0
-775856 -775856 0
-751480 -751480 0
-751091 -751091 0
-765032 -765032 0
-758794 -758794 0
-779800 -779800 0
-768210 -768210 0
-781084 -781084 0
-775133 -775133 0
-765561 -765561 0
-783372 -783372 0
-761335 -761335 0
-777085 -777085 0
-774344 -774344 0
-774212 -774212 0
-744981 -744981 0
-777036 -777036 0
-764035 -764035 0
-776297 -776297 0
-771712 -771712 0
-775539 -775539 0
-788252 -788252 0
-787542 -787542 0
-767402 -767402 0
-772182 -772182 0
-764266 -764266 0
-780669 -780669 0
-761947 -761947 0
-780750 -780750 0
-771363 -771363 0
-781162 -781162 0
-766042 -766042 0
-772453 -772453 0
-777151 -777151 0
-768659 -768659 0
-764352 -764352 0
-765459 -765459 0
-759231 -759231 0
-758418 -758418 0
-753649 -753649 0
-769658 -769658 0
-770257 -770257 0
-762498 -762498 0
-769503 -769503 0
-785317 -785317 0
-773624 -773624 0
-779498 -779498 0
-756200 -756200 0
-777912 -777912 0
-768716 -768716 0
-783257 -783257 0
-767189 -767189 0
-771860 -771860 0
-762100 -762100 0
-756815 -756815 0
-769065 -769065 0
-764992 -764992 0
-761432 -761432 0
-746653 -746653 0
-758509 -758509 0
-762025 -762025 0
-779878 -779878 0
-793249 -793249 0
-766999 -766999 0
-771278 -771278 0
-767628 -767628 0
-759075 -759075 0
-769759 -769759 0
-764148 -764148 0
-777763 -777763 0
-771780 -771780 0
-767238 -767238 0
-779126 -779126 0
-767168 -767168 0
-763815 -763815 0
-782732 -782732 0
-765805 -765805 0
-782794 -782794 0
-766419 -766419 0
-763144 -763144 0
-788387 -788387 0
-771019 -771019 0
-783404 -783404 0
-787296 -787296 0
-765044 -765044 0
-772619 -772619 0
-778297 -778297 0
-781879 -781879 0
-783405 -783405 0
-770595 -770595 0
-767030 -767030 0
-763519 -763519 0
-780267 -780267 0
-792619 -792619 0
-759290 -759290 0
-770518 -770518 0
-773013 -773013 0
-770192 -770192 0
-789179 -789179 0
-775598 -775598 0
-761639 -761639 0
-760643 -760643 0
-778520 -778520 0
-769927 -769927 0
-757792 -757792 0
-761054 -761054 0
-791108 -791108 0
-778227 -778227 0
-755398 -755398 0
-774110 -774110 0
-753432 -753432 0
-767164 -767164 0
-778881 -778881 0
-783642 -783642 0
-770332 -770332 0
-767631 -767631 0
-782448 -782448 0
-754287 -754287 0
-776064 -776064 0
-769821 -769821 0
-771045 -771045 0
-780940 -780940 0
-768263 -768263 0
-775738 -775738 0
-778573 -778573 0
-772106 -772106 0
-763545 -763545 0
-763208 -763208 0
-777302 -777302 0
-772144 -772144 0
-771507 -771507 0
-774118 -774118 0
-759003 -759003 0
-767156 -767156 0
-771580 -771580 0
-779151 -779151 0
-753563 -753563 0
-775253 -775253 0
-767405 -767405 0
-772228 -772228 0
-756679 -756679 0
-771748 -771748 0
-764556 -764556 0
-783791 -783791 0
-773402 -773402 0
-766255 -766255 0
-759408 -759408 0
-768286 -768286 0
-786079 -786079 0
-792518 -792518 0
-764108 -764108 0
-775380 -775380 0
-774591 -774591 0
-777159 -777159 0
-768863 -768863 0
-779761 -779761 0
-772039 -772039 0
-778927 -778927 0
-771058 -771058 0
-761356 -761356 0
-762340 -762340 0
-771722 -771722 0
-771649 -771649 0
-761530 -761530 0
-771903 -771903 0
-776821 -776821 0
-764942 -764942 0
-735283 -735283 0
-768170 -768170 0
-785814 -785814 0
-779341 -779341 0
-784802 -784802 0
-764240 -764240 0
-746332 -746332 0
-756641 -756641 0
-774165 -774165 0
-779420 -779420 0
-770649 -770649 0
-766903 -766903 0
-774944 -774944 0
-765925 -765925 0
-761043 -761043 0
-762548 -762548 0
-769850 -769850 0
-774436 -774436 0
-769042 -769042 0
-771301 -771301 0
-759008 -759008 0
-777750 -777750 0
-767860 -767860 0
-776070 -776070 0
-771275 -771275 0
-768331 -768331 0
-775461 -775461 0
-784330 -784330 0
-750013 -750013 0
-770605 -770605 0
-765893 -765893 0
-768587 -768587 0
-752315 -752315 0
-760857 -760857 0
-775833 -775833 0
-780672 -780672 0
-743702 -743702 0
-762898 -762898 0
-783480 -783480 0
-743146 -743146 0
-759782 -759782 0
-771472 -771472 0
-777643 -777643 0
-775707 -775707 0
-788625 -788625 0
-764371 -764371 0
-783871 -783871 0
-756792 -756792 0
-771315 -771315 0
-774183 -774183 0
-766855 -766855 0
-780381 -780381 0
-782298 -782298 0
-763189 -763189 0
-761216 -761216 0
-772311 -772311 0
-770664 -770664 0
-773150 -773150 0
-768586 -768586 0
-762274 -762274 0
-768055 -768055 0
-781797 -781797 0
-777291 -777291 0
-758564 -758564 0
-769524 -769524 0
-788750 -788750 0
-764959 -764959 0
-752387 -752387 0
-762922 -762922 0
-773468 -773468 0
-763264 -763264 0
-769481 -769481 0
-769504 -769504 0
-786778 -786778 0
-746849 -746849 0
-781338 -781338 0
-762471 -762471 0
-778860 -778860 0
-773042 -773042 0
-764794 -764794 0
-781975 -781975 0
-769281 -769281 0
-768581 -768581 0
-759317 -759317 0
-769598 -769598 0
-764355 -764355 0
-768074 -768074 0
-769864 -769864 0
-768586 -768586 0
-778053 -778053 0
-767058 -767058 0
-769589 -769589 0
-759660 -759660 0
-775901 -775901 0
-765786 -765786 0
-773886 -773886 0
-766209 -766209 0
-766572 -766572 0
-769570 -769570 0
-757462 -757462 0
-781407 -781407 0
-781717 -781717 0
-777848 -777848 0
-761315 -761315 0
-768595 -768595 0
-771657 -771657 0
-785527 -785527 0
-775720 -775720 0
-782218 -782218 0
-760695 -760695 0
-779003 -779003 0
-782055 -782055 0
-781455 -781455 0
-764272 -764272 0
-757154 -757154 0
-765942 -765942 0
-772288 -772288 0
-756678 -756678 0
-773712 -773712 0
-785575 -785575 0
-800121 -800121 0
-783050 -783050 0
-776855 -776855 0
-762743 -762743 0
-768778 -768778 0
-793312 -793312 0
-782299 -782299 0
-760756 -760756 0
-755904 -755904 0
-770780 -770780 0
-760916 -760916 0
-763503 -763503 0
-779947 -779947 0
-791830 -791830 0
-745182 -745182 0
-803388 -803388 0
-786140 -786140 0
-769368 -769368 0
-761407 -761407 0
-764991 -764991 0
-757388 -757388 0
-771492 -771492 0
-769312 -769312 0
-778908 -778908 0
-770278 -770278 0
-766210 -766210 0
-767864 -767864 0
-773361 -773361 0
-767172 -767172 0
-779352 -779352 0
-777100 -777100 0
-780012 -780012 0
-765487 -765487 0
-777234 -777234 0
-782947 -782947 0
-771324 -771324 0
-773404 -773404 0
-764125 -764125 0
-776403 -776403 0
-751827 -751827 0
-780585 -780585 0
-760545 -760545 0
-758134 -758134 0
-767222 -767222 0
-790257 -790257 0
-753218 -753218 0
-783482 -783482 0
-764779 -764779 0
-775807 -775807 0
-784394 -784394 0
-776809 -776809 0
-765567 -765567 0
-773191 -773191 0
-778090 -778090 0
-774289 -774289 0
-793824 -793824 0
-754858 -754858 0
-757783 -757783 0
-764925 -764925 0
-767859 -767859 0
-768023 -768023 0
-763181 -763181 0
-765517 -765517 0
-770384 -770384 0
-760344 -760344 0
-789090 -789090 0
-768944 -768944 0
-761260 -761260 0
-765765 -765765 0
-768369 -768369 0
-775184 -775184 0
-777205 -777205 0
-768869 -768869 0
-762031 -762031 0
-778264 -778264 0
-765621 -765621 0
-772539 -772539 0
-780480 -780480 0
-773800 -773800 0
-770497 -770497 0
-764627 -764627 0
-758012 -758012 0
-757304 -757304 0
-760886 -760886 0
-782265 -782265 0
-761356 -761356 0
-776942 -776942 0
-749088 -749088 0
-748140 -748140 0
-750929 -750929 0
-740160 -740160 0
-766159 -766159 0
-770843 -770843 0
-769933 -769933 0
-753938 -753938 0
-761753 -761753 0
-759944 -759944 0
-753559 -753559 0
-772248 -772248 0
-778201 -778201 0
-772101 -772101 0
-792016 -792016 0
-770396 -770396 0
-758877 -758877 0
-776030 -776030 0
-760332 -760332 0
-757794 -757794 0
-759168 -759168 0
-754764 -754764 0
-778347 -778347 0
-758744 -758744 0
-760918 -760918 0
-769056 -769056 0
-779566 -779566 0
-783480 -783480 0
-762698 -762698 0
-772403 -772403 0
-774767 -774767 0
-765563 -765563 0
